INFO:root:2022-11-12 02:30:30.939177
------------------------------------------
DATASET: amazon MODEL: II-RNN
CONFIG: N_ITEMS=46959 BATCHSIZE=100
ST_INTERNALSIZE=80 LT_INTERNALSIZE=80
N_LAYERS=1 SEQLEN=19 EMBEDDING_SIZE=80
N_SESSIONS=24658 SEED=0
MAX_SESSION_REPRESENTATIONS=15
DROPOUT=0.8 LEARNING_RATE=0.001

評估測試方式:
如果session長度=20。訓練/測試長度本身差1位子(訓練:20/測試:19)，因此測試中會有1-19個對答案的結果。
#每讀取到該指定位子都會與ground truth計算評估分數，並統計從前面計數到該時間的成績(分子/分母皆會累計)。
ex: i<=4 的結果包含統計所有session中的前5個紀錄的輸入結果。
ex: i<=19 的結果包含統計所有session中的前20個紀錄的輸入結果。

WARNING:tensorflow:From <ipython-input-5-a6a825e83f51>:40: GRUCell.__init__ (from tensorflow.python.ops.rnn_cell_impl) is deprecated and will be removed in a future version.
Instructions for updating:
This class is equivalent as tf.keras.layers.GRUCell, and will be replaced by that in Tensorflow 2.0.
WARNING:tensorflow:From <ipython-input-5-a6a825e83f51>:43: dynamic_rnn (from tensorflow.python.ops.rnn) is deprecated and will be removed in a future version.
Instructions for updating:
Please use `keras.layers.RNN(cell)`, which is equivalent to this API
WARNING:tensorflow:From C:\Users\Jun\Anaconda3\envs\Jun-model\lib\site-packages\tensorflow\python\ops\init_ops.py:1251: calling VarianceScaling.__init__ (from tensorflow.python.ops.init_ops) with dtype is deprecated and will be removed in a future version.
Instructions for updating:
Call initializer instance with the dtype argument instead of passing it to the constructor
WARNING:tensorflow:From C:\Users\Jun\Anaconda3\envs\Jun-model\lib\site-packages\tensorflow\python\ops\rnn_cell_impl.py:564: calling Constant.__init__ (from tensorflow.python.ops.init_ops) with dtype is deprecated and will be removed in a future version.
Instructions for updating:
Call initializer instance with the dtype argument instead of passing it to the constructor
WARNING:tensorflow:From C:\Users\Jun\Anaconda3\envs\Jun-model\lib\site-packages\tensorflow\python\ops\rnn_cell_impl.py:574: calling Zeros.__init__ (from tensorflow.python.ops.init_ops) with dtype is deprecated and will be removed in a future version.
Instructions for updating:
Call initializer instance with the dtype argument instead of passing it to the constructor
WARNING:tensorflow:From C:\Users\Jun\Anaconda3\envs\Jun-model\lib\site-packages\tensorflow\python\ops\rnn.py:244: add_dispatch_support.<locals>.wrapper (from tensorflow.python.ops.array_ops) is deprecated and will be removed in a future version.
Instructions for updating:
Use tf.where in 2.0, which has the same broadcast rule as np.where
WARNING:tensorflow:From <ipython-input-5-a6a825e83f51>:51: MultiRNNCell.__init__ (from tensorflow.python.ops.rnn_cell_impl) is deprecated and will be removed in a future version.
Instructions for updating:
This class is equivalent as tf.keras.layers.StackedRNNCells, and will be replaced by that in Tensorflow 2.0.
WARNING:tensorflow:From <ipython-input-5-a6a825e83f51>:71: to_float (from tensorflow.python.ops.math_ops) is deprecated and will be removed in a future version.
Instructions for updating:
Use `tf.cast` instead.
INFO:root:2022-11-12 02:31:07.504862
	Epoch #: 1
	Epoch loss: 280.90341877937317


i<=1 Recall@5: 0.0207 MRR@5: 0.0134 NDCG@5: 0.0169 Recall@10: 0.0298 MRR@10: 0.0146 NDCG@10: 0.0198 Recall@20: 0.0409 MRR@20: 0.0153 NDCG@20: 0.0228 
i<=2 Recall@5: 0.0255 MRR@5: 0.0165 NDCG@5: 0.02 Recall@10: 0.0349 MRR@10: 0.0178 NDCG@10: 0.0232 Recall@20: 0.0473 MRR@20: 0.0186 NDCG@20: 0.0269 
i<=3 Recall@5: 0.0276 MRR@5: 0.0173 NDCG@5: 0.0213 Recall@10: 0.0371 MRR@10: 0.0185 NDCG@10: 0.0246 Recall@20: 0.0499 MRR@20: 0.0195 NDCG@20: 0.0284 
i<=4 Recall@5: 0.0292 MRR@5: 0.0181 NDCG@5: 0.0223 Recall@10: 0.0387 MRR@10: 0.0193 NDCG@10: 0.0258 Recall@20: 0.0521 MRR@20: 0.0203 NDCG@20: 0.0299 
i<=5 Recall@5: 0.0299 MRR@5: 0.0186 NDCG@5: 0.0228 Recall@10: 0.0392 MRR@10: 0.0198 NDCG@10: 0.0263 Recall@20: 0.0534 MRR@20: 0.0208 NDCG@20: 0.0309 
i<=6 Recall@5: 0.03 MRR@5: 0.0186 NDCG@5: 0.0226 Recall@10: 0.04 MRR@10: 0.0199 NDCG@10: 0.0266 Recall@20: 0.0546 MRR@20: 0.021 NDCG@20: 0.0316 
i<=7 Recall@5: 0.0301 MRR@5: 0.0186 NDCG@5: 0.0225 Recall@10: 0.0401 MRR@10: 0.02 NDCG@10: 0.0267 Recall@20: 0.0558 MRR@20: 0.0211 NDCG@20: 0.0322 
i<=8 Recall@5: 0.0301 MRR@5: 0.0185 NDCG@5: 0.0223 Recall@10: 0.0401 MRR@10: 0.0199 NDCG@10: 0.0267 Recall@20: 0.057 MRR@20: 0.0211 NDCG@20: 0.0328 
i<=9 Recall@5: 0.0301 MRR@5: 0.0184 NDCG@5: 0.0221 Recall@10: 0.0402 MRR@10: 0.0198 NDCG@10: 0.0267 Recall@20: 0.0581 MRR@20: 0.021 NDCG@20: 0.0334 
i<=10 Recall@5: 0.03 MRR@5: 0.0184 NDCG@5: 0.022 Recall@10: 0.0402 MRR@10: 0.0197 NDCG@10: 0.0267 Recall@20: 0.059 MRR@20: 0.021 NDCG@20: 0.0338 
i<=11 Recall@5: 0.03 MRR@5: 0.0183 NDCG@5: 0.0219 Recall@10: 0.0402 MRR@10: 0.0197 NDCG@10: 0.0267 Recall@20: 0.0594 MRR@20: 0.021 NDCG@20: 0.034 
i<=12 Recall@5: 0.0299 MRR@5: 0.0183 NDCG@5: 0.0219 Recall@10: 0.0402 MRR@10: 0.0196 NDCG@10: 0.0266 Recall@20: 0.0597 MRR@20: 0.021 NDCG@20: 0.0342 
i<=13 Recall@5: 0.0298 MRR@5: 0.0182 NDCG@5: 0.0218 Recall@10: 0.0401 MRR@10: 0.0196 NDCG@10: 0.0266 Recall@20: 0.0601 MRR@20: 0.021 NDCG@20: 0.0344 
i<=14 Recall@5: 0.0297 MRR@5: 0.0182 NDCG@5: 0.0218 Recall@10: 0.04 MRR@10: 0.0195 NDCG@10: 0.0265 Recall@20: 0.0604 MRR@20: 0.0209 NDCG@20: 0.0345 
i<=15 Recall@5: 0.0297 MRR@5: 0.0182 NDCG@5: 0.0217 Recall@10: 0.0399 MRR@10: 0.0195 NDCG@10: 0.0265 Recall@20: 0.0605 MRR@20: 0.0209 NDCG@20: 0.0346 
i<=16 Recall@5: 0.0296 MRR@5: 0.0181 NDCG@5: 0.0217 Recall@10: 0.0399 MRR@10: 0.0195 NDCG@10: 0.0264 Recall@20: 0.0604 MRR@20: 0.0209 NDCG@20: 0.0346 
i<=17 Recall@5: 0.0296 MRR@5: 0.0181 NDCG@5: 0.0217 Recall@10: 0.0398 MRR@10: 0.0194 NDCG@10: 0.0264 Recall@20: 0.0603 MRR@20: 0.0209 NDCG@20: 0.0345 
i<=18 Recall@5: 0.0296 MRR@5: 0.0181 NDCG@5: 0.0217 Recall@10: 0.0398 MRR@10: 0.0194 NDCG@10: 0.0264 Recall@20: 0.0603 MRR@20: 0.0208 NDCG@20: 0.0345 
i<=19 Recall@5: 0.0296 MRR@5: 0.0181 NDCG@5: 0.0216 Recall@10: 0.0397 MRR@10: 0.0194 NDCG@10: 0.0264 Recall@20: 0.0602 MRR@20: 0.0208 NDCG@20: 0.0344 

INFO:root:2022-11-12 02:31:39.292907
	Epoch #: 2
	Epoch loss: 257.16736006736755


i<=1 Recall@5: 0.0986 MRR@5: 0.0781 NDCG@5: 0.085 Recall@10: 0.1087 MRR@10: 0.0794 NDCG@10: 0.0873 Recall@20: 0.1212 MRR@20: 0.0803 NDCG@20: 0.0897 
i<=2 Recall@5: 0.0936 MRR@5: 0.0736 NDCG@5: 0.0813 Recall@10: 0.1056 MRR@10: 0.0752 NDCG@10: 0.0844 Recall@20: 0.1199 MRR@20: 0.0762 NDCG@20: 0.0872 
i<=3 Recall@5: 0.0932 MRR@5: 0.073 NDCG@5: 0.0805 Recall@10: 0.105 MRR@10: 0.0746 NDCG@10: 0.0834 Recall@20: 0.1191 MRR@20: 0.0756 NDCG@20: 0.0861 
i<=4 Recall@5: 0.0931 MRR@5: 0.073 NDCG@5: 0.0802 Recall@10: 0.1053 MRR@10: 0.0746 NDCG@10: 0.0832 Recall@20: 0.1194 MRR@20: 0.0756 NDCG@20: 0.0859 
i<=5 Recall@5: 0.0929 MRR@5: 0.0726 NDCG@5: 0.0799 Recall@10: 0.1054 MRR@10: 0.0742 NDCG@10: 0.0828 Recall@20: 0.1197 MRR@20: 0.0753 NDCG@20: 0.0857 
i<=6 Recall@5: 0.093 MRR@5: 0.073 NDCG@5: 0.0787 Recall@10: 0.1063 MRR@10: 0.0747 NDCG@10: 0.0835 Recall@20: 0.121 MRR@20: 0.0758 NDCG@20: 0.0863 
i<=7 Recall@5: 0.0927 MRR@5: 0.0729 NDCG@5: 0.0778 Recall@10: 0.1066 MRR@10: 0.0746 NDCG@10: 0.0835 Recall@20: 0.1223 MRR@20: 0.0758 NDCG@20: 0.0867 
i<=8 Recall@5: 0.0927 MRR@5: 0.0729 NDCG@5: 0.0772 Recall@10: 0.1068 MRR@10: 0.0747 NDCG@10: 0.0836 Recall@20: 0.1238 MRR@20: 0.0759 NDCG@20: 0.0874 
i<=9 Recall@5: 0.0927 MRR@5: 0.073 NDCG@5: 0.0768 Recall@10: 0.107 MRR@10: 0.0748 NDCG@10: 0.0837 Recall@20: 0.1252 MRR@20: 0.0762 NDCG@20: 0.0879 
i<=10 Recall@5: 0.0927 MRR@5: 0.0729 NDCG@5: 0.0765 Recall@10: 0.1077 MRR@10: 0.0748 NDCG@10: 0.0839 Recall@20: 0.1268 MRR@20: 0.0762 NDCG@20: 0.0886 
i<=11 Recall@5: 0.0929 MRR@5: 0.0731 NDCG@5: 0.0763 Recall@10: 0.1081 MRR@10: 0.075 NDCG@10: 0.0838 Recall@20: 0.1277 MRR@20: 0.0764 NDCG@20: 0.0891 
i<=12 Recall@5: 0.0931 MRR@5: 0.0732 NDCG@5: 0.0762 Recall@10: 0.1085 MRR@10: 0.0751 NDCG@10: 0.0838 Recall@20: 0.1286 MRR@20: 0.0766 NDCG@20: 0.0896 
i<=13 Recall@5: 0.0933 MRR@5: 0.0734 NDCG@5: 0.0761 Recall@10: 0.1089 MRR@10: 0.0753 NDCG@10: 0.0838 Recall@20: 0.1294 MRR@20: 0.0768 NDCG@20: 0.09 
i<=14 Recall@5: 0.0934 MRR@5: 0.0735 NDCG@5: 0.0759 Recall@10: 0.1092 MRR@10: 0.0755 NDCG@10: 0.0838 Recall@20: 0.1301 MRR@20: 0.077 NDCG@20: 0.0903 
i<=15 Recall@5: 0.0935 MRR@5: 0.0736 NDCG@5: 0.0758 Recall@10: 0.1093 MRR@10: 0.0755 NDCG@10: 0.0838 Recall@20: 0.1307 MRR@20: 0.0771 NDCG@20: 0.0907 
i<=16 Recall@5: 0.0936 MRR@5: 0.0735 NDCG@5: 0.0757 Recall@10: 0.1093 MRR@10: 0.0755 NDCG@10: 0.0837 Recall@20: 0.1312 MRR@20: 0.0771 NDCG@20: 0.0909 
i<=17 Recall@5: 0.0936 MRR@5: 0.0735 NDCG@5: 0.0756 Recall@10: 0.1093 MRR@10: 0.0754 NDCG@10: 0.0836 Recall@20: 0.1317 MRR@20: 0.0771 NDCG@20: 0.0912 
i<=18 Recall@5: 0.0935 MRR@5: 0.0734 NDCG@5: 0.0755 Recall@10: 0.1093 MRR@10: 0.0754 NDCG@10: 0.0835 Recall@20: 0.1322 MRR@20: 0.0771 NDCG@20: 0.0915 
i<=19 Recall@5: 0.0934 MRR@5: 0.0733 NDCG@5: 0.0755 Recall@10: 0.1093 MRR@10: 0.0753 NDCG@10: 0.0834 Recall@20: 0.1325 MRR@20: 0.077 NDCG@20: 0.0916 

INFO:root:2022-11-12 02:32:12.608945
	Epoch #: 3
	Epoch loss: 239.12245935201645


i<=1 Recall@5: 0.1297 MRR@5: 0.1066 NDCG@5: 0.1134 Recall@10: 0.1414 MRR@10: 0.1082 NDCG@10: 0.1163 Recall@20: 0.1546 MRR@20: 0.1091 NDCG@20: 0.1187 
i<=2 Recall@5: 0.1268 MRR@5: 0.1037 NDCG@5: 0.111 Recall@10: 0.1384 MRR@10: 0.1053 NDCG@10: 0.1138 Recall@20: 0.1512 MRR@20: 0.1062 NDCG@20: 0.116 
i<=3 Recall@5: 0.1269 MRR@5: 0.1046 NDCG@5: 0.1118 Recall@10: 0.1385 MRR@10: 0.1062 NDCG@10: 0.1145 Recall@20: 0.1512 MRR@20: 0.1071 NDCG@20: 0.1165 
i<=4 Recall@5: 0.1274 MRR@5: 0.1048 NDCG@5: 0.1124 Recall@10: 0.1384 MRR@10: 0.1063 NDCG@10: 0.1148 Recall@20: 0.1509 MRR@20: 0.1072 NDCG@20: 0.1166 
i<=5 Recall@5: 0.1277 MRR@5: 0.1051 NDCG@5: 0.1127 Recall@10: 0.1388 MRR@10: 0.1066 NDCG@10: 0.115 Recall@20: 0.1515 MRR@20: 0.1075 NDCG@20: 0.1167 
i<=6 Recall@5: 0.129 MRR@5: 0.1064 NDCG@5: 0.1113 Recall@10: 0.14 MRR@10: 0.1079 NDCG@10: 0.1159 Recall@20: 0.1524 MRR@20: 0.1087 NDCG@20: 0.1174 
i<=7 Recall@5: 0.1302 MRR@5: 0.1077 NDCG@5: 0.1104 Recall@10: 0.1413 MRR@10: 0.1092 NDCG@10: 0.1172 Recall@20: 0.1541 MRR@20: 0.1101 NDCG@20: 0.1187 
i<=8 Recall@5: 0.1314 MRR@5: 0.1085 NDCG@5: 0.1096 Recall@10: 0.1427 MRR@10: 0.1101 NDCG@10: 0.118 Recall@20: 0.1556 MRR@20: 0.111 NDCG@20: 0.1196 
i<=9 Recall@5: 0.133 MRR@5: 0.1096 NDCG@5: 0.1091 Recall@10: 0.1443 MRR@10: 0.1111 NDCG@10: 0.1192 Recall@20: 0.1573 MRR@20: 0.112 NDCG@20: 0.1207 
i<=10 Recall@5: 0.1346 MRR@5: 0.1111 NDCG@5: 0.1088 Recall@10: 0.1459 MRR@10: 0.1127 NDCG@10: 0.1207 Recall@20: 0.1589 MRR@20: 0.1136 NDCG@20: 0.1219 
i<=11 Recall@5: 0.1355 MRR@5: 0.1118 NDCG@5: 0.1086 Recall@10: 0.1468 MRR@10: 0.1134 NDCG@10: 0.1207 Recall@20: 0.1598 MRR@20: 0.1143 NDCG@20: 0.1226 
i<=12 Recall@5: 0.1364 MRR@5: 0.1127 NDCG@5: 0.1084 Recall@10: 0.1477 MRR@10: 0.1143 NDCG@10: 0.1207 Recall@20: 0.1606 MRR@20: 0.1152 NDCG@20: 0.1233 
i<=13 Recall@5: 0.1372 MRR@5: 0.1136 NDCG@5: 0.1083 Recall@10: 0.1484 MRR@10: 0.1151 NDCG@10: 0.1207 Recall@20: 0.1614 MRR@20: 0.116 NDCG@20: 0.1239 
i<=14 Recall@5: 0.1378 MRR@5: 0.1142 NDCG@5: 0.1082 Recall@10: 0.1491 MRR@10: 0.1157 NDCG@10: 0.1207 Recall@20: 0.162 MRR@20: 0.1167 NDCG@20: 0.1245 
i<=15 Recall@5: 0.1384 MRR@5: 0.1147 NDCG@5: 0.1082 Recall@10: 0.1496 MRR@10: 0.1162 NDCG@10: 0.1208 Recall@20: 0.1625 MRR@20: 0.1171 NDCG@20: 0.1249 
i<=16 Recall@5: 0.1389 MRR@5: 0.1151 NDCG@5: 0.1081 Recall@10: 0.1501 MRR@10: 0.1166 NDCG@10: 0.1209 Recall@20: 0.163 MRR@20: 0.1175 NDCG@20: 0.1253 
i<=17 Recall@5: 0.1394 MRR@5: 0.1155 NDCG@5: 0.108 Recall@10: 0.1506 MRR@10: 0.117 NDCG@10: 0.1209 Recall@20: 0.1635 MRR@20: 0.118 NDCG@20: 0.1257 
i<=18 Recall@5: 0.1398 MRR@5: 0.116 NDCG@5: 0.1079 Recall@10: 0.1511 MRR@10: 0.1175 NDCG@10: 0.121 Recall@20: 0.164 MRR@20: 0.1184 NDCG@20: 0.1261 
i<=19 Recall@5: 0.1402 MRR@5: 0.1163 NDCG@5: 0.1078 Recall@10: 0.1514 MRR@10: 0.1178 NDCG@10: 0.121 Recall@20: 0.1643 MRR@20: 0.1187 NDCG@20: 0.1264 

INFO:root:2022-11-12 02:32:47.251541
	Epoch #: 4
	Epoch loss: 222.52164763212204


i<=1 Recall@5: 0.1546 MRR@5: 0.1362 NDCG@5: 0.1412 Recall@10: 0.1653 MRR@10: 0.1377 NDCG@10: 0.1438 Recall@20: 0.1738 MRR@20: 0.1383 NDCG@20: 0.1453 
i<=2 Recall@5: 0.1522 MRR@5: 0.1332 NDCG@5: 0.1391 Recall@10: 0.1628 MRR@10: 0.1346 NDCG@10: 0.1415 Recall@20: 0.1711 MRR@20: 0.1352 NDCG@20: 0.1421 
i<=3 Recall@5: 0.1519 MRR@5: 0.1334 NDCG@5: 0.1393 Recall@10: 0.1621 MRR@10: 0.1348 NDCG@10: 0.1413 Recall@20: 0.1707 MRR@20: 0.1354 NDCG@20: 0.1417 
i<=4 Recall@5: 0.1515 MRR@5: 0.1328 NDCG@5: 0.1391 Recall@10: 0.1617 MRR@10: 0.1342 NDCG@10: 0.1413 Recall@20: 0.1702 MRR@20: 0.1348 NDCG@20: 0.1413 
i<=5 Recall@5: 0.152 MRR@5: 0.133 NDCG@5: 0.1393 Recall@10: 0.1622 MRR@10: 0.1344 NDCG@10: 0.1413 Recall@20: 0.1706 MRR@20: 0.135 NDCG@20: 0.1411 
i<=6 Recall@5: 0.1534 MRR@5: 0.1343 NDCG@5: 0.1375 Recall@10: 0.1635 MRR@10: 0.1357 NDCG@10: 0.1423 Recall@20: 0.1717 MRR@20: 0.1362 NDCG@20: 0.1418 
i<=7 Recall@5: 0.1552 MRR@5: 0.136 NDCG@5: 0.1363 Recall@10: 0.1651 MRR@10: 0.1374 NDCG@10: 0.1439 Recall@20: 0.1734 MRR@20: 0.1379 NDCG@20: 0.1431 
i<=8 Recall@5: 0.1567 MRR@5: 0.1374 NDCG@5: 0.1353 Recall@10: 0.1665 MRR@10: 0.1387 NDCG@10: 0.1452 Recall@20: 0.1749 MRR@20: 0.1393 NDCG@20: 0.1443 
i<=9 Recall@5: 0.1583 MRR@5: 0.1391 NDCG@5: 0.1347 Recall@10: 0.1682 MRR@10: 0.1404 NDCG@10: 0.1466 Recall@20: 0.1766 MRR@20: 0.141 NDCG@20: 0.1456 
i<=10 Recall@5: 0.16 MRR@5: 0.1407 NDCG@5: 0.1342 Recall@10: 0.1698 MRR@10: 0.142 NDCG@10: 0.1479 Recall@20: 0.1781 MRR@20: 0.1426 NDCG@20: 0.1468 
i<=11 Recall@5: 0.1608 MRR@5: 0.1415 NDCG@5: 0.1339 Recall@10: 0.1706 MRR@10: 0.1429 NDCG@10: 0.1481 Recall@20: 0.1789 MRR@20: 0.1434 NDCG@20: 0.1475 
i<=12 Recall@5: 0.1617 MRR@5: 0.1425 NDCG@5: 0.1337 Recall@10: 0.1715 MRR@10: 0.1438 NDCG@10: 0.1481 Recall@20: 0.1798 MRR@20: 0.1443 NDCG@20: 0.1482 
i<=13 Recall@5: 0.1624 MRR@5: 0.1432 NDCG@5: 0.1335 Recall@10: 0.1722 MRR@10: 0.1445 NDCG@10: 0.1481 Recall@20: 0.1805 MRR@20: 0.1451 NDCG@20: 0.1489 
i<=14 Recall@5: 0.163 MRR@5: 0.1439 NDCG@5: 0.1333 Recall@10: 0.1728 MRR@10: 0.1452 NDCG@10: 0.148 Recall@20: 0.1811 MRR@20: 0.1458 NDCG@20: 0.1494 
i<=15 Recall@5: 0.1635 MRR@5: 0.1444 NDCG@5: 0.1332 Recall@10: 0.1733 MRR@10: 0.1457 NDCG@10: 0.148 Recall@20: 0.1816 MRR@20: 0.1463 NDCG@20: 0.1498 
i<=16 Recall@5: 0.164 MRR@5: 0.145 NDCG@5: 0.1331 Recall@10: 0.1738 MRR@10: 0.1463 NDCG@10: 0.1481 Recall@20: 0.1821 MRR@20: 0.1468 NDCG@20: 0.1503 
i<=17 Recall@5: 0.1646 MRR@5: 0.1455 NDCG@5: 0.133 Recall@10: 0.1743 MRR@10: 0.1468 NDCG@10: 0.1481 Recall@20: 0.1826 MRR@20: 0.1474 NDCG@20: 0.1507 
i<=18 Recall@5: 0.165 MRR@5: 0.146 NDCG@5: 0.1329 Recall@10: 0.1748 MRR@10: 0.1473 NDCG@10: 0.1481 Recall@20: 0.183 MRR@20: 0.1478 NDCG@20: 0.1511 
i<=19 Recall@5: 0.1653 MRR@5: 0.1463 NDCG@5: 0.1329 Recall@10: 0.1751 MRR@10: 0.1476 NDCG@10: 0.148 Recall@20: 0.1834 MRR@20: 0.1482 NDCG@20: 0.1514 

INFO:root:2022-11-12 02:33:23.116064
	Epoch #: 5
	Epoch loss: 205.51935523748398


i<=1 Recall@5: 0.1733 MRR@5: 0.1566 NDCG@5: 0.161 Recall@10: 0.181 MRR@10: 0.1576 NDCG@10: 0.163 Recall@20: 0.1885 MRR@20: 0.1582 NDCG@20: 0.1636 
i<=2 Recall@5: 0.1706 MRR@5: 0.1533 NDCG@5: 0.1582 Recall@10: 0.1781 MRR@10: 0.1543 NDCG@10: 0.1597 Recall@20: 0.1849 MRR@20: 0.1548 NDCG@20: 0.1595 
i<=3 Recall@5: 0.1697 MRR@5: 0.1527 NDCG@5: 0.1576 Recall@10: 0.1771 MRR@10: 0.1537 NDCG@10: 0.1589 Recall@20: 0.1842 MRR@20: 0.1542 NDCG@20: 0.1584 
i<=4 Recall@5: 0.1692 MRR@5: 0.1518 NDCG@5: 0.1573 Recall@10: 0.1764 MRR@10: 0.1527 NDCG@10: 0.1585 Recall@20: 0.1835 MRR@20: 0.1532 NDCG@20: 0.1576 
i<=5 Recall@5: 0.1697 MRR@5: 0.1519 NDCG@5: 0.1573 Recall@10: 0.1769 MRR@10: 0.1528 NDCG@10: 0.1584 Recall@20: 0.184 MRR@20: 0.1533 NDCG@20: 0.1573 
i<=6 Recall@5: 0.1708 MRR@5: 0.1533 NDCG@5: 0.1552 Recall@10: 0.1779 MRR@10: 0.1542 NDCG@10: 0.1594 Recall@20: 0.185 MRR@20: 0.1547 NDCG@20: 0.158 
i<=7 Recall@5: 0.1723 MRR@5: 0.1549 NDCG@5: 0.1538 Recall@10: 0.1794 MRR@10: 0.1558 NDCG@10: 0.1609 Recall@20: 0.1867 MRR@20: 0.1563 NDCG@20: 0.1592 
i<=8 Recall@5: 0.1739 MRR@5: 0.1563 NDCG@5: 0.1527 Recall@10: 0.1809 MRR@10: 0.1572 NDCG@10: 0.1623 Recall@20: 0.1882 MRR@20: 0.1577 NDCG@20: 0.1604 
i<=9 Recall@5: 0.1755 MRR@5: 0.1579 NDCG@5: 0.1519 Recall@10: 0.1825 MRR@10: 0.1588 NDCG@10: 0.1637 Recall@20: 0.1899 MRR@20: 0.1593 NDCG@20: 0.1617 
i<=10 Recall@5: 0.1771 MRR@5: 0.1594 NDCG@5: 0.1513 Recall@10: 0.1841 MRR@10: 0.1604 NDCG@10: 0.1651 Recall@20: 0.1914 MRR@20: 0.1609 NDCG@20: 0.1629 
i<=11 Recall@5: 0.1779 MRR@5: 0.1602 NDCG@5: 0.1509 Recall@10: 0.1849 MRR@10: 0.1612 NDCG@10: 0.1653 Recall@20: 0.1922 MRR@20: 0.1617 NDCG@20: 0.1636 
i<=12 Recall@5: 0.1787 MRR@5: 0.1611 NDCG@5: 0.1506 Recall@10: 0.1857 MRR@10: 0.162 NDCG@10: 0.1653 Recall@20: 0.193 MRR@20: 0.1625 NDCG@20: 0.1643 
i<=13 Recall@5: 0.1794 MRR@5: 0.1618 NDCG@5: 0.1504 Recall@10: 0.1864 MRR@10: 0.1628 NDCG@10: 0.1652 Recall@20: 0.1937 MRR@20: 0.1633 NDCG@20: 0.1649 
i<=14 Recall@5: 0.1799 MRR@5: 0.1624 NDCG@5: 0.1503 Recall@10: 0.1869 MRR@10: 0.1634 NDCG@10: 0.1651 Recall@20: 0.1942 MRR@20: 0.1639 NDCG@20: 0.1654 
i<=15 Recall@5: 0.1805 MRR@5: 0.163 NDCG@5: 0.1502 Recall@10: 0.1875 MRR@10: 0.1639 NDCG@10: 0.1651 Recall@20: 0.1947 MRR@20: 0.1644 NDCG@20: 0.1659 
i<=16 Recall@5: 0.181 MRR@5: 0.1635 NDCG@5: 0.15 Recall@10: 0.1879 MRR@10: 0.1644 NDCG@10: 0.1651 Recall@20: 0.1952 MRR@20: 0.1649 NDCG@20: 0.1663 
i<=17 Recall@5: 0.1815 MRR@5: 0.164 NDCG@5: 0.1499 Recall@10: 0.1884 MRR@10: 0.1649 NDCG@10: 0.1651 Recall@20: 0.1957 MRR@20: 0.1654 NDCG@20: 0.1667 
i<=18 Recall@5: 0.1819 MRR@5: 0.1645 NDCG@5: 0.1498 Recall@10: 0.1889 MRR@10: 0.1654 NDCG@10: 0.165 Recall@20: 0.1961 MRR@20: 0.1659 NDCG@20: 0.1671 
i<=19 Recall@5: 0.1822 MRR@5: 0.1648 NDCG@5: 0.1497 Recall@10: 0.1892 MRR@10: 0.1657 NDCG@10: 0.165 Recall@20: 0.1964 MRR@20: 0.1662 NDCG@20: 0.1674 

INFO:root:2022-11-12 02:34:00.021087
	Epoch #: 6
	Epoch loss: 189.03790670633316


i<=1 Recall@5: 0.1849 MRR@5: 0.1711 NDCG@5: 0.1751 Recall@10: 0.1915 MRR@10: 0.172 NDCG@10: 0.176 Recall@20: 0.198 MRR@20: 0.1724 NDCG@20: 0.1766 
i<=2 Recall@5: 0.1815 MRR@5: 0.1675 NDCG@5: 0.172 Recall@10: 0.1879 MRR@10: 0.1683 NDCG@10: 0.1722 Recall@20: 0.195 MRR@20: 0.1688 NDCG@20: 0.1723 
i<=3 Recall@5: 0.1803 MRR@5: 0.1663 NDCG@5: 0.1706 Recall@10: 0.1873 MRR@10: 0.1673 NDCG@10: 0.1711 Recall@20: 0.1947 MRR@20: 0.1678 NDCG@20: 0.171 
i<=4 Recall@5: 0.1793 MRR@5: 0.165 NDCG@5: 0.1697 Recall@10: 0.1862 MRR@10: 0.1659 NDCG@10: 0.1703 Recall@20: 0.1934 MRR@20: 0.1664 NDCG@20: 0.1698 
i<=5 Recall@5: 0.1796 MRR@5: 0.1649 NDCG@5: 0.1696 Recall@10: 0.1864 MRR@10: 0.1658 NDCG@10: 0.1701 Recall@20: 0.1936 MRR@20: 0.1663 NDCG@20: 0.1692 
i<=6 Recall@5: 0.1805 MRR@5: 0.166 NDCG@5: 0.1672 Recall@10: 0.1874 MRR@10: 0.1669 NDCG@10: 0.1709 Recall@20: 0.1948 MRR@20: 0.1674 NDCG@20: 0.1699 
i<=7 Recall@5: 0.1821 MRR@5: 0.1675 NDCG@5: 0.1653 Recall@10: 0.1891 MRR@10: 0.1684 NDCG@10: 0.1722 Recall@20: 0.1966 MRR@20: 0.1689 NDCG@20: 0.171 
i<=8 Recall@5: 0.1836 MRR@5: 0.169 NDCG@5: 0.1641 Recall@10: 0.1905 MRR@10: 0.1699 NDCG@10: 0.1736 Recall@20: 0.198 MRR@20: 0.1704 NDCG@20: 0.1721 
i<=9 Recall@5: 0.1851 MRR@5: 0.1705 NDCG@5: 0.1632 Recall@10: 0.192 MRR@10: 0.1714 NDCG@10: 0.1749 Recall@20: 0.1998 MRR@20: 0.1719 NDCG@20: 0.1734 
i<=10 Recall@5: 0.1866 MRR@5: 0.172 NDCG@5: 0.1625 Recall@10: 0.1935 MRR@10: 0.1729 NDCG@10: 0.1762 Recall@20: 0.2013 MRR@20: 0.1735 NDCG@20: 0.1746 
i<=11 Recall@5: 0.1874 MRR@5: 0.1728 NDCG@5: 0.162 Recall@10: 0.1944 MRR@10: 0.1737 NDCG@10: 0.1763 Recall@20: 0.2021 MRR@20: 0.1743 NDCG@20: 0.1753 
i<=12 Recall@5: 0.1882 MRR@5: 0.1736 NDCG@5: 0.1617 Recall@10: 0.1951 MRR@10: 0.1745 NDCG@10: 0.1763 Recall@20: 0.2029 MRR@20: 0.1751 NDCG@20: 0.1759 
i<=13 Recall@5: 0.1888 MRR@5: 0.1743 NDCG@5: 0.1614 Recall@10: 0.1958 MRR@10: 0.1752 NDCG@10: 0.1762 Recall@20: 0.2035 MRR@20: 0.1758 NDCG@20: 0.1765 
i<=14 Recall@5: 0.1894 MRR@5: 0.1749 NDCG@5: 0.1613 Recall@10: 0.1963 MRR@10: 0.1758 NDCG@10: 0.1761 Recall@20: 0.2041 MRR@20: 0.1764 NDCG@20: 0.1769 
i<=15 Recall@5: 0.1899 MRR@5: 0.1754 NDCG@5: 0.1611 Recall@10: 0.1968 MRR@10: 0.1763 NDCG@10: 0.176 Recall@20: 0.2046 MRR@20: 0.1769 NDCG@20: 0.1774 
i<=16 Recall@5: 0.1904 MRR@5: 0.1759 NDCG@5: 0.161 Recall@10: 0.1974 MRR@10: 0.1768 NDCG@10: 0.176 Recall@20: 0.2051 MRR@20: 0.1774 NDCG@20: 0.1778 
i<=17 Recall@5: 0.1909 MRR@5: 0.1764 NDCG@5: 0.1608 Recall@10: 0.1978 MRR@10: 0.1773 NDCG@10: 0.176 Recall@20: 0.2055 MRR@20: 0.1779 NDCG@20: 0.1782 
i<=18 Recall@5: 0.1913 MRR@5: 0.1768 NDCG@5: 0.1607 Recall@10: 0.1983 MRR@10: 0.1778 NDCG@10: 0.1759 Recall@20: 0.2059 MRR@20: 0.1783 NDCG@20: 0.1786 
i<=19 Recall@5: 0.1916 MRR@5: 0.1772 NDCG@5: 0.1605 Recall@10: 0.1986 MRR@10: 0.1781 NDCG@10: 0.1759 Recall@20: 0.2063 MRR@20: 0.1787 NDCG@20: 0.1788 

INFO:root:2022-11-12 02:34:38.543247
	Epoch #: 7
	Epoch loss: 174.41627091169357


i<=1 Recall@5: 0.191 MRR@5: 0.1814 NDCG@5: 0.1846 Recall@10: 0.1982 MRR@10: 0.1823 NDCG@10: 0.1854 Recall@20: 0.2034 MRR@20: 0.1827 NDCG@20: 0.1856 
i<=2 Recall@5: 0.1876 MRR@5: 0.1768 NDCG@5: 0.1803 Recall@10: 0.1948 MRR@10: 0.1778 NDCG@10: 0.1806 Recall@20: 0.2007 MRR@20: 0.1782 NDCG@20: 0.1807 
i<=3 Recall@5: 0.1872 MRR@5: 0.1757 NDCG@5: 0.1792 Recall@10: 0.1941 MRR@10: 0.1766 NDCG@10: 0.1793 Recall@20: 0.2005 MRR@20: 0.177 NDCG@20: 0.1793 
i<=4 Recall@5: 0.1861 MRR@5: 0.1739 NDCG@5: 0.178 Recall@10: 0.1929 MRR@10: 0.1748 NDCG@10: 0.1782 Recall@20: 0.1993 MRR@20: 0.1753 NDCG@20: 0.1779 
i<=5 Recall@5: 0.1863 MRR@5: 0.1737 NDCG@5: 0.1779 Recall@10: 0.193 MRR@10: 0.1746 NDCG@10: 0.178 Recall@20: 0.1994 MRR@20: 0.175 NDCG@20: 0.1772 
i<=6 Recall@5: 0.1876 MRR@5: 0.1749 NDCG@5: 0.1755 Recall@10: 0.1942 MRR@10: 0.1757 NDCG@10: 0.1788 Recall@20: 0.2008 MRR@20: 0.1762 NDCG@20: 0.1779 
i<=7 Recall@5: 0.1893 MRR@5: 0.1763 NDCG@5: 0.1737 Recall@10: 0.196 MRR@10: 0.1772 NDCG@10: 0.1802 Recall@20: 0.2026 MRR@20: 0.1777 NDCG@20: 0.179 
i<=8 Recall@5: 0.1908 MRR@5: 0.1778 NDCG@5: 0.1722 Recall@10: 0.1974 MRR@10: 0.1787 NDCG@10: 0.1815 Recall@20: 0.2044 MRR@20: 0.1792 NDCG@20: 0.1802 
i<=9 Recall@5: 0.1923 MRR@5: 0.1793 NDCG@5: 0.1713 Recall@10: 0.1989 MRR@10: 0.1802 NDCG@10: 0.1828 Recall@20: 0.2062 MRR@20: 0.1807 NDCG@20: 0.1814 
i<=10 Recall@5: 0.1938 MRR@5: 0.1808 NDCG@5: 0.1705 Recall@10: 0.2004 MRR@10: 0.1817 NDCG@10: 0.184 Recall@20: 0.2078 MRR@20: 0.1822 NDCG@20: 0.1826 
i<=11 Recall@5: 0.1947 MRR@5: 0.1816 NDCG@5: 0.1701 Recall@10: 0.2013 MRR@10: 0.1825 NDCG@10: 0.1842 Recall@20: 0.2086 MRR@20: 0.183 NDCG@20: 0.1832 
i<=12 Recall@5: 0.1954 MRR@5: 0.1824 NDCG@5: 0.1697 Recall@10: 0.202 MRR@10: 0.1833 NDCG@10: 0.1841 Recall@20: 0.2093 MRR@20: 0.1838 NDCG@20: 0.1838 
i<=13 Recall@5: 0.1961 MRR@5: 0.183 NDCG@5: 0.1693 Recall@10: 0.2027 MRR@10: 0.1839 NDCG@10: 0.184 Recall@20: 0.21 MRR@20: 0.1844 NDCG@20: 0.1844 
i<=14 Recall@5: 0.1966 MRR@5: 0.1836 NDCG@5: 0.1691 Recall@10: 0.2032 MRR@10: 0.1845 NDCG@10: 0.1839 Recall@20: 0.2106 MRR@20: 0.185 NDCG@20: 0.1848 
i<=15 Recall@5: 0.1971 MRR@5: 0.1842 NDCG@5: 0.169 Recall@10: 0.2037 MRR@10: 0.185 NDCG@10: 0.1838 Recall@20: 0.211 MRR@20: 0.1855 NDCG@20: 0.1852 
i<=16 Recall@5: 0.1977 MRR@5: 0.1847 NDCG@5: 0.1688 Recall@10: 0.2042 MRR@10: 0.1856 NDCG@10: 0.1838 Recall@20: 0.2115 MRR@20: 0.1861 NDCG@20: 0.1857 
i<=17 Recall@5: 0.1981 MRR@5: 0.1852 NDCG@5: 0.1687 Recall@10: 0.2047 MRR@10: 0.1861 NDCG@10: 0.1838 Recall@20: 0.212 MRR@20: 0.1866 NDCG@20: 0.1861 
i<=18 Recall@5: 0.1986 MRR@5: 0.1856 NDCG@5: 0.1685 Recall@10: 0.2051 MRR@10: 0.1865 NDCG@10: 0.1837 Recall@20: 0.2124 MRR@20: 0.187 NDCG@20: 0.1864 
i<=19 Recall@5: 0.1989 MRR@5: 0.186 NDCG@5: 0.1684 Recall@10: 0.2054 MRR@10: 0.1868 NDCG@10: 0.1836 Recall@20: 0.2127 MRR@20: 0.1873 NDCG@20: 0.1867 

INFO:root:2022-11-12 02:35:19.157748
	Epoch #: 8
	Epoch loss: 162.13587075471878


i<=1 Recall@5: 0.199 MRR@5: 0.1884 NDCG@5: 0.192 Recall@10: 0.2037 MRR@10: 0.189 NDCG@10: 0.1926 Recall@20: 0.2081 MRR@20: 0.1893 NDCG@20: 0.1916 
i<=2 Recall@5: 0.1954 MRR@5: 0.1841 NDCG@5: 0.1876 Recall@10: 0.2014 MRR@10: 0.1848 NDCG@10: 0.1881 Recall@20: 0.2062 MRR@20: 0.1852 NDCG@20: 0.1869 
i<=3 Recall@5: 0.1946 MRR@5: 0.1829 NDCG@5: 0.1865 Recall@10: 0.2007 MRR@10: 0.1838 NDCG@10: 0.1868 Recall@20: 0.206 MRR@20: 0.1841 NDCG@20: 0.1856 
i<=4 Recall@5: 0.1932 MRR@5: 0.181 NDCG@5: 0.185 Recall@10: 0.1994 MRR@10: 0.1818 NDCG@10: 0.1855 Recall@20: 0.2047 MRR@20: 0.1821 NDCG@20: 0.1841 
i<=5 Recall@5: 0.1933 MRR@5: 0.1806 NDCG@5: 0.1847 Recall@10: 0.1994 MRR@10: 0.1814 NDCG@10: 0.1851 Recall@20: 0.2047 MRR@20: 0.1818 NDCG@20: 0.1835 
i<=6 Recall@5: 0.1946 MRR@5: 0.1817 NDCG@5: 0.1823 Recall@10: 0.2007 MRR@10: 0.1825 NDCG@10: 0.1859 Recall@20: 0.2061 MRR@20: 0.1829 NDCG@20: 0.1842 
i<=7 Recall@5: 0.1963 MRR@5: 0.1834 NDCG@5: 0.1804 Recall@10: 0.2025 MRR@10: 0.1842 NDCG@10: 0.1874 Recall@20: 0.2079 MRR@20: 0.1846 NDCG@20: 0.1855 
i<=8 Recall@5: 0.1977 MRR@5: 0.1848 NDCG@5: 0.1789 Recall@10: 0.2041 MRR@10: 0.1856 NDCG@10: 0.1888 Recall@20: 0.2096 MRR@20: 0.186 NDCG@20: 0.1867 
i<=9 Recall@5: 0.1992 MRR@5: 0.1862 NDCG@5: 0.1779 Recall@10: 0.2055 MRR@10: 0.1871 NDCG@10: 0.19 Recall@20: 0.2114 MRR@20: 0.1875 NDCG@20: 0.1879 
i<=10 Recall@5: 0.2006 MRR@5: 0.1877 NDCG@5: 0.1771 Recall@10: 0.2071 MRR@10: 0.1886 NDCG@10: 0.1913 Recall@20: 0.2128 MRR@20: 0.189 NDCG@20: 0.189 
i<=11 Recall@5: 0.2014 MRR@5: 0.1885 NDCG@5: 0.1766 Recall@10: 0.2078 MRR@10: 0.1893 NDCG@10: 0.1914 Recall@20: 0.2136 MRR@20: 0.1897 NDCG@20: 0.1896 
i<=12 Recall@5: 0.2022 MRR@5: 0.1892 NDCG@5: 0.1762 Recall@10: 0.2086 MRR@10: 0.1901 NDCG@10: 0.1913 Recall@20: 0.2143 MRR@20: 0.1905 NDCG@20: 0.1902 
i<=13 Recall@5: 0.2028 MRR@5: 0.1899 NDCG@5: 0.1759 Recall@10: 0.2093 MRR@10: 0.1907 NDCG@10: 0.1911 Recall@20: 0.215 MRR@20: 0.1911 NDCG@20: 0.1907 
i<=14 Recall@5: 0.2034 MRR@5: 0.1905 NDCG@5: 0.1757 Recall@10: 0.2098 MRR@10: 0.1913 NDCG@10: 0.1909 Recall@20: 0.2155 MRR@20: 0.1917 NDCG@20: 0.1912 
i<=15 Recall@5: 0.2039 MRR@5: 0.191 NDCG@5: 0.1755 Recall@10: 0.2103 MRR@10: 0.1918 NDCG@10: 0.1909 Recall@20: 0.216 MRR@20: 0.1922 NDCG@20: 0.1915 
i<=16 Recall@5: 0.2044 MRR@5: 0.1915 NDCG@5: 0.1753 Recall@10: 0.2108 MRR@10: 0.1923 NDCG@10: 0.1908 Recall@20: 0.2165 MRR@20: 0.1927 NDCG@20: 0.192 
i<=17 Recall@5: 0.2049 MRR@5: 0.192 NDCG@5: 0.1752 Recall@10: 0.2112 MRR@10: 0.1928 NDCG@10: 0.1907 Recall@20: 0.2169 MRR@20: 0.1932 NDCG@20: 0.1924 
i<=18 Recall@5: 0.2053 MRR@5: 0.1924 NDCG@5: 0.175 Recall@10: 0.2116 MRR@10: 0.1932 NDCG@10: 0.1906 Recall@20: 0.2173 MRR@20: 0.1936 NDCG@20: 0.1927 
i<=19 Recall@5: 0.2056 MRR@5: 0.1927 NDCG@5: 0.1748 Recall@10: 0.2119 MRR@10: 0.1936 NDCG@10: 0.1906 Recall@20: 0.2176 MRR@20: 0.194 NDCG@20: 0.1929 

INFO:root:2022-11-12 02:36:01.639117
	Epoch #: 9
	Epoch loss: 150.31541475653648


i<=1 Recall@5: 0.2033 MRR@5: 0.1945 NDCG@5: 0.1972 Recall@10: 0.208 MRR@10: 0.1951 NDCG@10: 0.1979 Recall@20: 0.2114 MRR@20: 0.1954 NDCG@20: 0.197 
i<=2 Recall@5: 0.2003 MRR@5: 0.1899 NDCG@5: 0.1931 Recall@10: 0.2053 MRR@10: 0.1906 NDCG@10: 0.1933 Recall@20: 0.2092 MRR@20: 0.1909 NDCG@20: 0.1923 
i<=3 Recall@5: 0.1993 MRR@5: 0.1885 NDCG@5: 0.1919 Recall@10: 0.2046 MRR@10: 0.1892 NDCG@10: 0.1918 Recall@20: 0.2091 MRR@20: 0.1895 NDCG@20: 0.1907 
i<=4 Recall@5: 0.1979 MRR@5: 0.1863 NDCG@5: 0.1904 Recall@10: 0.2031 MRR@10: 0.187 NDCG@10: 0.1903 Recall@20: 0.2076 MRR@20: 0.1873 NDCG@20: 0.1889 
i<=5 Recall@5: 0.198 MRR@5: 0.1859 NDCG@5: 0.19 Recall@10: 0.2034 MRR@10: 0.1866 NDCG@10: 0.19 Recall@20: 0.2078 MRR@20: 0.187 NDCG@20: 0.1881 
i<=6 Recall@5: 0.1993 MRR@5: 0.1871 NDCG@5: 0.1875 Recall@10: 0.2047 MRR@10: 0.1879 NDCG@10: 0.1909 Recall@20: 0.2092 MRR@20: 0.1882 NDCG@20: 0.1888 
i<=7 Recall@5: 0.2011 MRR@5: 0.1888 NDCG@5: 0.1856 Recall@10: 0.2065 MRR@10: 0.1895 NDCG@10: 0.1924 Recall@20: 0.211 MRR@20: 0.1898 NDCG@20: 0.19 
i<=8 Recall@5: 0.2028 MRR@5: 0.1902 NDCG@5: 0.184 Recall@10: 0.2082 MRR@10: 0.1909 NDCG@10: 0.1937 Recall@20: 0.2127 MRR@20: 0.1912 NDCG@20: 0.1913 
i<=9 Recall@5: 0.2043 MRR@5: 0.1917 NDCG@5: 0.1829 Recall@10: 0.2098 MRR@10: 0.1924 NDCG@10: 0.195 Recall@20: 0.2145 MRR@20: 0.1927 NDCG@20: 0.1925 
i<=10 Recall@5: 0.2058 MRR@5: 0.1932 NDCG@5: 0.1821 Recall@10: 0.2113 MRR@10: 0.1939 NDCG@10: 0.1962 Recall@20: 0.216 MRR@20: 0.1943 NDCG@20: 0.1936 
i<=11 Recall@5: 0.2066 MRR@5: 0.194 NDCG@5: 0.1817 Recall@10: 0.212 MRR@10: 0.1947 NDCG@10: 0.1963 Recall@20: 0.2167 MRR@20: 0.195 NDCG@20: 0.1942 
i<=12 Recall@5: 0.2074 MRR@5: 0.1947 NDCG@5: 0.1812 Recall@10: 0.2128 MRR@10: 0.1954 NDCG@10: 0.1962 Recall@20: 0.2175 MRR@20: 0.1958 NDCG@20: 0.1948 
i<=13 Recall@5: 0.2081 MRR@5: 0.1954 NDCG@5: 0.1809 Recall@10: 0.2134 MRR@10: 0.1961 NDCG@10: 0.196 Recall@20: 0.2181 MRR@20: 0.1964 NDCG@20: 0.1954 
i<=14 Recall@5: 0.2086 MRR@5: 0.1959 NDCG@5: 0.1806 Recall@10: 0.214 MRR@10: 0.1967 NDCG@10: 0.1959 Recall@20: 0.2187 MRR@20: 0.197 NDCG@20: 0.1958 
i<=15 Recall@5: 0.2091 MRR@5: 0.1964 NDCG@5: 0.1805 Recall@10: 0.2145 MRR@10: 0.1972 NDCG@10: 0.1957 Recall@20: 0.2192 MRR@20: 0.1975 NDCG@20: 0.1962 
i<=16 Recall@5: 0.2096 MRR@5: 0.197 NDCG@5: 0.1803 Recall@10: 0.215 MRR@10: 0.1977 NDCG@10: 0.1957 Recall@20: 0.2196 MRR@20: 0.198 NDCG@20: 0.1966 
i<=17 Recall@5: 0.2101 MRR@5: 0.1974 NDCG@5: 0.1801 Recall@10: 0.2154 MRR@10: 0.1982 NDCG@10: 0.1956 Recall@20: 0.2201 MRR@20: 0.1985 NDCG@20: 0.1969 
i<=18 Recall@5: 0.2105 MRR@5: 0.1979 NDCG@5: 0.1799 Recall@10: 0.2158 MRR@10: 0.1986 NDCG@10: 0.1955 Recall@20: 0.2205 MRR@20: 0.1989 NDCG@20: 0.1972 
i<=19 Recall@5: 0.2108 MRR@5: 0.1982 NDCG@5: 0.1798 Recall@10: 0.2162 MRR@10: 0.1989 NDCG@10: 0.1954 Recall@20: 0.2208 MRR@20: 0.1992 NDCG@20: 0.1975 

INFO:root:2022-11-12 02:36:45.950422
	Epoch #: 10
	Epoch loss: 139.0325638949871


i<=1 Recall@5: 0.2075 MRR@5: 0.1991 NDCG@5: 0.2017 Recall@10: 0.2106 MRR@10: 0.1995 NDCG@10: 0.2019 Recall@20: 0.2129 MRR@20: 0.1996 NDCG@20: 0.2008 
i<=2 Recall@5: 0.2044 MRR@5: 0.1947 NDCG@5: 0.1977 Recall@10: 0.2085 MRR@10: 0.1952 NDCG@10: 0.1976 Recall@20: 0.2115 MRR@20: 0.1954 NDCG@20: 0.1964 
i<=3 Recall@5: 0.2033 MRR@5: 0.1933 NDCG@5: 0.1962 Recall@10: 0.2076 MRR@10: 0.1939 NDCG@10: 0.1958 Recall@20: 0.2115 MRR@20: 0.1941 NDCG@20: 0.1946 
i<=4 Recall@5: 0.2018 MRR@5: 0.1911 NDCG@5: 0.1944 Recall@10: 0.206 MRR@10: 0.1916 NDCG@10: 0.194 Recall@20: 0.21 MRR@20: 0.1919 NDCG@20: 0.1926 
i<=5 Recall@5: 0.202 MRR@5: 0.1912 NDCG@5: 0.1943 Recall@10: 0.2064 MRR@10: 0.1917 NDCG@10: 0.194 Recall@20: 0.2105 MRR@20: 0.192 NDCG@20: 0.1922 
i<=6 Recall@5: 0.2033 MRR@5: 0.1924 NDCG@5: 0.1918 Recall@10: 0.2076 MRR@10: 0.193 NDCG@10: 0.1949 Recall@20: 0.2118 MRR@20: 0.1933 NDCG@20: 0.1929 
i<=7 Recall@5: 0.2051 MRR@5: 0.1941 NDCG@5: 0.1898 Recall@10: 0.2094 MRR@10: 0.1947 NDCG@10: 0.1964 Recall@20: 0.2137 MRR@20: 0.195 NDCG@20: 0.1942 
i<=8 Recall@5: 0.2067 MRR@5: 0.1957 NDCG@5: 0.1881 Recall@10: 0.2111 MRR@10: 0.1962 NDCG@10: 0.1979 Recall@20: 0.2155 MRR@20: 0.1965 NDCG@20: 0.1955 
i<=9 Recall@5: 0.2082 MRR@5: 0.1971 NDCG@5: 0.187 Recall@10: 0.2128 MRR@10: 0.1977 NDCG@10: 0.1992 Recall@20: 0.2172 MRR@20: 0.198 NDCG@20: 0.1967 
i<=10 Recall@5: 0.2097 MRR@5: 0.1986 NDCG@5: 0.1862 Recall@10: 0.2142 MRR@10: 0.1992 NDCG@10: 0.2005 Recall@20: 0.2187 MRR@20: 0.1995 NDCG@20: 0.1979 
i<=11 Recall@5: 0.2104 MRR@5: 0.1993 NDCG@5: 0.1856 Recall@10: 0.215 MRR@10: 0.1999 NDCG@10: 0.2005 Recall@20: 0.2194 MRR@20: 0.2002 NDCG@20: 0.1984 
i<=12 Recall@5: 0.2112 MRR@5: 0.2001 NDCG@5: 0.1852 Recall@10: 0.2157 MRR@10: 0.2007 NDCG@10: 0.2004 Recall@20: 0.2201 MRR@20: 0.201 NDCG@20: 0.199 
i<=13 Recall@5: 0.2118 MRR@5: 0.2007 NDCG@5: 0.1848 Recall@10: 0.2164 MRR@10: 0.2014 NDCG@10: 0.2002 Recall@20: 0.2208 MRR@20: 0.2017 NDCG@20: 0.1996 
i<=14 Recall@5: 0.2124 MRR@5: 0.2013 NDCG@5: 0.1846 Recall@10: 0.217 MRR@10: 0.2019 NDCG@10: 0.2 Recall@20: 0.2213 MRR@20: 0.2022 NDCG@20: 0.2 
i<=15 Recall@5: 0.2129 MRR@5: 0.2018 NDCG@5: 0.1844 Recall@10: 0.2174 MRR@10: 0.2024 NDCG@10: 0.1999 Recall@20: 0.2218 MRR@20: 0.2027 NDCG@20: 0.2004 
i<=16 Recall@5: 0.2134 MRR@5: 0.2023 NDCG@5: 0.1842 Recall@10: 0.2179 MRR@10: 0.2029 NDCG@10: 0.1998 Recall@20: 0.2223 MRR@20: 0.2032 NDCG@20: 0.2008 
i<=17 Recall@5: 0.2138 MRR@5: 0.2028 NDCG@5: 0.1841 Recall@10: 0.2184 MRR@10: 0.2034 NDCG@10: 0.1998 Recall@20: 0.2227 MRR@20: 0.2037 NDCG@20: 0.2011 
i<=18 Recall@5: 0.2142 MRR@5: 0.2032 NDCG@5: 0.1839 Recall@10: 0.2188 MRR@10: 0.2038 NDCG@10: 0.1996 Recall@20: 0.2231 MRR@20: 0.2041 NDCG@20: 0.2014 
i<=19 Recall@5: 0.2145 MRR@5: 0.2036 NDCG@5: 0.1838 Recall@10: 0.2191 MRR@10: 0.2042 NDCG@10: 0.1996 Recall@20: 0.2234 MRR@20: 0.2045 NDCG@20: 0.2017 

INFO:root:2022-11-12 02:37:31.995203
	Epoch #: 11
	Epoch loss: 128.8028542995453


i<=1 Recall@5: 0.2103 MRR@5: 0.202 NDCG@5: 0.2046 Recall@10: 0.2131 MRR@10: 0.2024 NDCG@10: 0.2047 Recall@20: 0.2156 MRR@20: 0.2025 NDCG@20: 0.2039 
i<=2 Recall@5: 0.2074 MRR@5: 0.1978 NDCG@5: 0.2009 Recall@10: 0.2111 MRR@10: 0.1983 NDCG@10: 0.2007 Recall@20: 0.2141 MRR@20: 0.1985 NDCG@20: 0.1997 
i<=3 Recall@5: 0.2062 MRR@5: 0.1964 NDCG@5: 0.1992 Recall@10: 0.2104 MRR@10: 0.197 NDCG@10: 0.1989 Recall@20: 0.2138 MRR@20: 0.1972 NDCG@20: 0.1978 
i<=4 Recall@5: 0.2046 MRR@5: 0.1945 NDCG@5: 0.1973 Recall@10: 0.2087 MRR@10: 0.1951 NDCG@10: 0.197 Recall@20: 0.2125 MRR@20: 0.1953 NDCG@20: 0.1958 
i<=5 Recall@5: 0.2047 MRR@5: 0.1946 NDCG@5: 0.1972 Recall@10: 0.209 MRR@10: 0.1952 NDCG@10: 0.1969 Recall@20: 0.2129 MRR@20: 0.1954 NDCG@20: 0.1956 
i<=6 Recall@5: 0.206 MRR@5: 0.1958 NDCG@5: 0.1946 Recall@10: 0.2101 MRR@10: 0.1964 NDCG@10: 0.1978 Recall@20: 0.2142 MRR@20: 0.1966 NDCG@20: 0.1962 
i<=7 Recall@5: 0.2077 MRR@5: 0.1974 NDCG@5: 0.1924 Recall@10: 0.2119 MRR@10: 0.198 NDCG@10: 0.1993 Recall@20: 0.216 MRR@20: 0.1983 NDCG@20: 0.1975 
i<=8 Recall@5: 0.2094 MRR@5: 0.199 NDCG@5: 0.1907 Recall@10: 0.2137 MRR@10: 0.1996 NDCG@10: 0.2007 Recall@20: 0.2177 MRR@20: 0.1998 NDCG@20: 0.1987 
i<=9 Recall@5: 0.211 MRR@5: 0.2005 NDCG@5: 0.1896 Recall@10: 0.2153 MRR@10: 0.2011 NDCG@10: 0.2021 Recall@20: 0.2194 MRR@20: 0.2013 NDCG@20: 0.2 
i<=10 Recall@5: 0.2124 MRR@5: 0.202 NDCG@5: 0.1887 Recall@10: 0.2167 MRR@10: 0.2025 NDCG@10: 0.2033 Recall@20: 0.2209 MRR@20: 0.2028 NDCG@20: 0.2011 
i<=11 Recall@5: 0.2132 MRR@5: 0.2027 NDCG@5: 0.1882 Recall@10: 0.2175 MRR@10: 0.2033 NDCG@10: 0.2034 Recall@20: 0.2216 MRR@20: 0.2035 NDCG@20: 0.2017 
i<=12 Recall@5: 0.2139 MRR@5: 0.2034 NDCG@5: 0.1877 Recall@10: 0.2182 MRR@10: 0.204 NDCG@10: 0.2032 Recall@20: 0.2223 MRR@20: 0.2043 NDCG@20: 0.2023 
i<=13 Recall@5: 0.2146 MRR@5: 0.2041 NDCG@5: 0.1873 Recall@10: 0.2189 MRR@10: 0.2047 NDCG@10: 0.203 Recall@20: 0.223 MRR@20: 0.205 NDCG@20: 0.2028 
i<=14 Recall@5: 0.2152 MRR@5: 0.2047 NDCG@5: 0.1871 Recall@10: 0.2194 MRR@10: 0.2053 NDCG@10: 0.2028 Recall@20: 0.2235 MRR@20: 0.2056 NDCG@20: 0.2033 
i<=15 Recall@5: 0.2157 MRR@5: 0.2052 NDCG@5: 0.1869 Recall@10: 0.2199 MRR@10: 0.2058 NDCG@10: 0.2027 Recall@20: 0.224 MRR@20: 0.206 NDCG@20: 0.2036 
i<=16 Recall@5: 0.2162 MRR@5: 0.2057 NDCG@5: 0.1867 Recall@10: 0.2204 MRR@10: 0.2063 NDCG@10: 0.2027 Recall@20: 0.2245 MRR@20: 0.2066 NDCG@20: 0.204 
i<=17 Recall@5: 0.2166 MRR@5: 0.2062 NDCG@5: 0.1866 Recall@10: 0.2209 MRR@10: 0.2068 NDCG@10: 0.2026 Recall@20: 0.225 MRR@20: 0.207 NDCG@20: 0.2044 
i<=18 Recall@5: 0.217 MRR@5: 0.2066 NDCG@5: 0.1864 Recall@10: 0.2213 MRR@10: 0.2072 NDCG@10: 0.2025 Recall@20: 0.2253 MRR@20: 0.2074 NDCG@20: 0.2047 
i<=19 Recall@5: 0.2173 MRR@5: 0.2069 NDCG@5: 0.1862 Recall@10: 0.2216 MRR@10: 0.2075 NDCG@10: 0.2024 Recall@20: 0.2256 MRR@20: 0.2078 NDCG@20: 0.2049 

INFO:root:2022-11-12 02:39:06.284542
	Epoch #: 13
	Epoch loss: 110.10810047388077


i<=1 Recall@5: 0.2114 MRR@5: 0.2042 NDCG@5: 0.2063 Recall@10: 0.2138 MRR@10: 0.2045 NDCG@10: 0.2067 Recall@20: 0.2157 MRR@20: 0.2046 NDCG@20: 0.2061 
i<=2 Recall@5: 0.2082 MRR@5: 0.1996 NDCG@5: 0.202 Recall@10: 0.2113 MRR@10: 0.2001 NDCG@10: 0.2022 Recall@20: 0.214 MRR@20: 0.2003 NDCG@20: 0.2014 
i<=3 Recall@5: 0.2069 MRR@5: 0.1981 NDCG@5: 0.2003 Recall@10: 0.2105 MRR@10: 0.1986 NDCG@10: 0.2003 Recall@20: 0.2138 MRR@20: 0.1988 NDCG@20: 0.1994 
i<=4 Recall@5: 0.2054 MRR@5: 0.1963 NDCG@5: 0.1985 Recall@10: 0.2091 MRR@10: 0.1968 NDCG@10: 0.1986 Recall@20: 0.2127 MRR@20: 0.1971 NDCG@20: 0.1977 
i<=5 Recall@5: 0.2058 MRR@5: 0.1966 NDCG@5: 0.1987 Recall@10: 0.2094 MRR@10: 0.197 NDCG@10: 0.1987 Recall@20: 0.2131 MRR@20: 0.1973 NDCG@20: 0.1976 
i<=6 Recall@5: 0.207 MRR@5: 0.1978 NDCG@5: 0.196 Recall@10: 0.2107 MRR@10: 0.1983 NDCG@10: 0.1995 Recall@20: 0.2143 MRR@20: 0.1985 NDCG@20: 0.1983 
i<=7 Recall@5: 0.2088 MRR@5: 0.1995 NDCG@5: 0.1938 Recall@10: 0.2125 MRR@10: 0.2 NDCG@10: 0.2009 Recall@20: 0.2161 MRR@20: 0.2002 NDCG@20: 0.1996 
i<=8 Recall@5: 0.2105 MRR@5: 0.2011 NDCG@5: 0.1921 Recall@10: 0.2142 MRR@10: 0.2016 NDCG@10: 0.2023 Recall@20: 0.2178 MRR@20: 0.2018 NDCG@20: 0.2009 
i<=9 Recall@5: 0.2122 MRR@5: 0.2026 NDCG@5: 0.1909 Recall@10: 0.2158 MRR@10: 0.2031 NDCG@10: 0.2037 Recall@20: 0.2194 MRR@20: 0.2033 NDCG@20: 0.2022 
i<=10 Recall@5: 0.2136 MRR@5: 0.2041 NDCG@5: 0.19 Recall@10: 0.2172 MRR@10: 0.2046 NDCG@10: 0.2048 Recall@20: 0.2209 MRR@20: 0.2048 NDCG@20: 0.2033 
i<=11 Recall@5: 0.2143 MRR@5: 0.2048 NDCG@5: 0.1894 Recall@10: 0.218 MRR@10: 0.2053 NDCG@10: 0.2049 Recall@20: 0.2216 MRR@20: 0.2055 NDCG@20: 0.2039 
i<=12 Recall@5: 0.2151 MRR@5: 0.2055 NDCG@5: 0.1889 Recall@10: 0.2187 MRR@10: 0.206 NDCG@10: 0.2047 Recall@20: 0.2223 MRR@20: 0.2063 NDCG@20: 0.2044 
i<=13 Recall@5: 0.2157 MRR@5: 0.2062 NDCG@5: 0.1885 Recall@10: 0.2194 MRR@10: 0.2067 NDCG@10: 0.2045 Recall@20: 0.223 MRR@20: 0.2069 NDCG@20: 0.205 
i<=14 Recall@5: 0.2163 MRR@5: 0.2068 NDCG@5: 0.1882 Recall@10: 0.2199 MRR@10: 0.2073 NDCG@10: 0.2043 Recall@20: 0.2235 MRR@20: 0.2075 NDCG@20: 0.2054 
i<=15 Recall@5: 0.2168 MRR@5: 0.2073 NDCG@5: 0.188 Recall@10: 0.2204 MRR@10: 0.2078 NDCG@10: 0.2042 Recall@20: 0.224 MRR@20: 0.208 NDCG@20: 0.2058 
i<=16 Recall@5: 0.2172 MRR@5: 0.2078 NDCG@5: 0.1879 Recall@10: 0.2209 MRR@10: 0.2083 NDCG@10: 0.2041 Recall@20: 0.2245 MRR@20: 0.2085 NDCG@20: 0.2062 
i<=17 Recall@5: 0.2177 MRR@5: 0.2083 NDCG@5: 0.1878 Recall@10: 0.2214 MRR@10: 0.2087 NDCG@10: 0.2041 Recall@20: 0.225 MRR@20: 0.209 NDCG@20: 0.2065 
i<=18 Recall@5: 0.2181 MRR@5: 0.2087 NDCG@5: 0.1876 Recall@10: 0.2218 MRR@10: 0.2091 NDCG@10: 0.2039 Recall@20: 0.2253 MRR@20: 0.2094 NDCG@20: 0.2068 
i<=19 Recall@5: 0.2185 MRR@5: 0.209 NDCG@5: 0.1875 Recall@10: 0.2221 MRR@10: 0.2095 NDCG@10: 0.2038 Recall@20: 0.2256 MRR@20: 0.2097 NDCG@20: 0.2071 

INFO:root:2022-11-12 02:39:55.233398
	Epoch #: 14
	Epoch loss: 101.6769682765007


i<=1 Recall@5: 0.2142 MRR@5: 0.207 NDCG@5: 0.2092 Recall@10: 0.2163 MRR@10: 0.2073 NDCG@10: 0.209 Recall@20: 0.2185 MRR@20: 0.2075 NDCG@20: 0.2086 
i<=2 Recall@5: 0.2112 MRR@5: 0.2033 NDCG@5: 0.2055 Recall@10: 0.2137 MRR@10: 0.2037 NDCG@10: 0.205 Recall@20: 0.217 MRR@20: 0.2039 NDCG@20: 0.2045 
i<=3 Recall@5: 0.2101 MRR@5: 0.2017 NDCG@5: 0.2036 Recall@10: 0.2132 MRR@10: 0.2021 NDCG@10: 0.2032 Recall@20: 0.2167 MRR@20: 0.2023 NDCG@20: 0.2022 
i<=4 Recall@5: 0.2086 MRR@5: 0.2 NDCG@5: 0.2018 Recall@10: 0.2117 MRR@10: 0.2004 NDCG@10: 0.2015 Recall@20: 0.2155 MRR@20: 0.2007 NDCG@20: 0.2003 
i<=5 Recall@5: 0.209 MRR@5: 0.2002 NDCG@5: 0.2019 Recall@10: 0.212 MRR@10: 0.2006 NDCG@10: 0.2015 Recall@20: 0.2159 MRR@20: 0.2008 NDCG@20: 0.2001 
i<=6 Recall@5: 0.2102 MRR@5: 0.2013 NDCG@5: 0.199 Recall@10: 0.2131 MRR@10: 0.2017 NDCG@10: 0.2023 Recall@20: 0.217 MRR@20: 0.202 NDCG@20: 0.2008 
i<=7 Recall@5: 0.212 MRR@5: 0.203 NDCG@5: 0.1967 Recall@10: 0.2149 MRR@10: 0.2034 NDCG@10: 0.2036 Recall@20: 0.2188 MRR@20: 0.2037 NDCG@20: 0.202 
i<=8 Recall@5: 0.2136 MRR@5: 0.2045 NDCG@5: 0.1949 Recall@10: 0.2166 MRR@10: 0.2049 NDCG@10: 0.205 Recall@20: 0.2205 MRR@20: 0.2052 NDCG@20: 0.2034 
i<=9 Recall@5: 0.2152 MRR@5: 0.206 NDCG@5: 0.1936 Recall@10: 0.2182 MRR@10: 0.2064 NDCG@10: 0.2064 Recall@20: 0.2221 MRR@20: 0.2067 NDCG@20: 0.2046 
i<=10 Recall@5: 0.2166 MRR@5: 0.2075 NDCG@5: 0.1927 Recall@10: 0.2197 MRR@10: 0.2079 NDCG@10: 0.2076 Recall@20: 0.2236 MRR@20: 0.2081 NDCG@20: 0.2058 
i<=11 Recall@5: 0.2174 MRR@5: 0.2082 NDCG@5: 0.192 Recall@10: 0.2204 MRR@10: 0.2085 NDCG@10: 0.2076 Recall@20: 0.2243 MRR@20: 0.2088 NDCG@20: 0.2063 
