INFO:root:2022-11-12 01:18:57.692534
------------------------------------------
DATASET: MovieLens-1M MODEL: II-RNN
CONFIG: N_ITEMS=3328 BATCHSIZE=100
ST_INTERNALSIZE=80 LT_INTERNALSIZE=80
N_LAYERS=1 SEQLEN=19 EMBEDDING_SIZE=80
N_SESSIONS=2096 SEED=0
MAX_SESSION_REPRESENTATIONS=15
DROPOUT=0.8 LEARNING_RATE=0.01

評估測試方式:
如果session長度=20。訓練/測試長度本身差1位子(訓練:20/測試:19)，因此測試中會有1-19個對答案的結果。
#每讀取到該指定位子都會與ground truth計算評估分數，並統計從前面計數到該時間的成績(分子/分母皆會累計)。
ex: i<=4 的結果包含統計所有session中的前5個紀錄的輸入結果。
ex: i<=19 的結果包含統計所有session中的前20個紀錄的輸入結果。

WARNING:tensorflow:From <ipython-input-5-a6a825e83f51>:40: GRUCell.__init__ (from tensorflow.python.ops.rnn_cell_impl) is deprecated and will be removed in a future version.
Instructions for updating:
This class is equivalent as tf.keras.layers.GRUCell, and will be replaced by that in Tensorflow 2.0.
WARNING:tensorflow:From <ipython-input-5-a6a825e83f51>:43: dynamic_rnn (from tensorflow.python.ops.rnn) is deprecated and will be removed in a future version.
Instructions for updating:
Please use `keras.layers.RNN(cell)`, which is equivalent to this API
WARNING:tensorflow:From C:\Users\Jun\Anaconda3\envs\Jun-model\lib\site-packages\tensorflow\python\ops\init_ops.py:1251: calling VarianceScaling.__init__ (from tensorflow.python.ops.init_ops) with dtype is deprecated and will be removed in a future version.
Instructions for updating:
Call initializer instance with the dtype argument instead of passing it to the constructor
WARNING:tensorflow:From C:\Users\Jun\Anaconda3\envs\Jun-model\lib\site-packages\tensorflow\python\ops\rnn_cell_impl.py:564: calling Constant.__init__ (from tensorflow.python.ops.init_ops) with dtype is deprecated and will be removed in a future version.
Instructions for updating:
Call initializer instance with the dtype argument instead of passing it to the constructor
WARNING:tensorflow:From C:\Users\Jun\Anaconda3\envs\Jun-model\lib\site-packages\tensorflow\python\ops\rnn_cell_impl.py:574: calling Zeros.__init__ (from tensorflow.python.ops.init_ops) with dtype is deprecated and will be removed in a future version.
Instructions for updating:
Call initializer instance with the dtype argument instead of passing it to the constructor
WARNING:tensorflow:From C:\Users\Jun\Anaconda3\envs\Jun-model\lib\site-packages\tensorflow\python\ops\rnn.py:244: add_dispatch_support.<locals>.wrapper (from tensorflow.python.ops.array_ops) is deprecated and will be removed in a future version.
Instructions for updating:
Use tf.where in 2.0, which has the same broadcast rule as np.where
WARNING:tensorflow:From <ipython-input-5-a6a825e83f51>:51: MultiRNNCell.__init__ (from tensorflow.python.ops.rnn_cell_impl) is deprecated and will be removed in a future version.
Instructions for updating:
This class is equivalent as tf.keras.layers.StackedRNNCells, and will be replaced by that in Tensorflow 2.0.
WARNING:tensorflow:From <ipython-input-5-a6a825e83f51>:71: to_float (from tensorflow.python.ops.math_ops) is deprecated and will be removed in a future version.
Instructions for updating:
Use `tf.cast` instead.
INFO:root:2022-11-12 01:20:32.194363
------------------------------------------
DATASET: MovieLens-1M MODEL: II-RNN
CONFIG: N_ITEMS=3328 BATCHSIZE=100
ST_INTERNALSIZE=80 LT_INTERNALSIZE=80
N_LAYERS=1 SEQLEN=19 EMBEDDING_SIZE=80
N_SESSIONS=2096 SEED=0
MAX_SESSION_REPRESENTATIONS=15
DROPOUT=0.8 LEARNING_RATE=0.01

評估測試方式:
如果session長度=20。訓練/測試長度本身差1位子(訓練:20/測試:19)，因此測試中會有1-19個對答案的結果。
#每讀取到該指定位子都會與ground truth計算評估分數，並統計從前面計數到該時間的成績(分子/分母皆會累計)。
ex: i<=4 的結果包含統計所有session中的前5個紀錄的輸入結果。
ex: i<=19 的結果包含統計所有session中的前20個紀錄的輸入結果。

WARNING:tensorflow:From <ipython-input-5-a6a825e83f51>:40: GRUCell.__init__ (from tensorflow.python.ops.rnn_cell_impl) is deprecated and will be removed in a future version.
Instructions for updating:
This class is equivalent as tf.keras.layers.GRUCell, and will be replaced by that in Tensorflow 2.0.
WARNING:tensorflow:From <ipython-input-5-a6a825e83f51>:43: dynamic_rnn (from tensorflow.python.ops.rnn) is deprecated and will be removed in a future version.
Instructions for updating:
Please use `keras.layers.RNN(cell)`, which is equivalent to this API
WARNING:tensorflow:From C:\Users\Jun\Anaconda3\envs\Jun-model\lib\site-packages\tensorflow\python\ops\init_ops.py:1251: calling VarianceScaling.__init__ (from tensorflow.python.ops.init_ops) with dtype is deprecated and will be removed in a future version.
Instructions for updating:
Call initializer instance with the dtype argument instead of passing it to the constructor
WARNING:tensorflow:From C:\Users\Jun\Anaconda3\envs\Jun-model\lib\site-packages\tensorflow\python\ops\rnn_cell_impl.py:564: calling Constant.__init__ (from tensorflow.python.ops.init_ops) with dtype is deprecated and will be removed in a future version.
Instructions for updating:
Call initializer instance with the dtype argument instead of passing it to the constructor
WARNING:tensorflow:From C:\Users\Jun\Anaconda3\envs\Jun-model\lib\site-packages\tensorflow\python\ops\rnn_cell_impl.py:574: calling Zeros.__init__ (from tensorflow.python.ops.init_ops) with dtype is deprecated and will be removed in a future version.
Instructions for updating:
Call initializer instance with the dtype argument instead of passing it to the constructor
WARNING:tensorflow:From C:\Users\Jun\Anaconda3\envs\Jun-model\lib\site-packages\tensorflow\python\ops\rnn.py:244: add_dispatch_support.<locals>.wrapper (from tensorflow.python.ops.array_ops) is deprecated and will be removed in a future version.
Instructions for updating:
Use tf.where in 2.0, which has the same broadcast rule as np.where
WARNING:tensorflow:From <ipython-input-5-a6a825e83f51>:51: MultiRNNCell.__init__ (from tensorflow.python.ops.rnn_cell_impl) is deprecated and will be removed in a future version.
Instructions for updating:
This class is equivalent as tf.keras.layers.StackedRNNCells, and will be replaced by that in Tensorflow 2.0.
WARNING:tensorflow:From <ipython-input-5-a6a825e83f51>:71: to_float (from tensorflow.python.ops.math_ops) is deprecated and will be removed in a future version.
Instructions for updating:
Use `tf.cast` instead.
INFO:root:2022-11-12 01:20:48.100006
	Epoch #: 1
	Epoch loss: 44.10637664794922


i<=1 Recall@5: 0.0466 MRR@5: 0.0165 NDCG@5: 0.0258 Recall@10: 0.0766 MRR@10: 0.0205 NDCG@10: 0.0373 Recall@20: 0.1215 MRR@20: 0.0235 NDCG@20: 0.0567 
i<=2 Recall@5: 0.0456 MRR@5: 0.017 NDCG@5: 0.0263 Recall@10: 0.0787 MRR@10: 0.0213 NDCG@10: 0.0394 Recall@20: 0.1243 MRR@20: 0.0244 NDCG@20: 0.058 
i<=3 Recall@5: 0.0439 MRR@5: 0.018 NDCG@5: 0.0264 Recall@10: 0.073 MRR@10: 0.0218 NDCG@10: 0.0381 Recall@20: 0.1183 MRR@20: 0.0249 NDCG@20: 0.0563 
i<=4 Recall@5: 0.0395 MRR@5: 0.0163 NDCG@5: 0.024 Recall@10: 0.0668 MRR@10: 0.0199 NDCG@10: 0.0353 Recall@20: 0.1117 MRR@20: 0.023 NDCG@20: 0.0538 
i<=5 Recall@5: 0.0363 MRR@5: 0.0149 NDCG@5: 0.022 Recall@10: 0.0652 MRR@10: 0.0187 NDCG@10: 0.0345 Recall@20: 0.1089 MRR@20: 0.0217 NDCG@20: 0.0527 
i<=6 Recall@5: 0.0344 MRR@5: 0.0145 NDCG@5: 0.0196 Recall@10: 0.0613 MRR@10: 0.018 NDCG@10: 0.0328 Recall@20: 0.1037 MRR@20: 0.0209 NDCG@20: 0.0505 
i<=7 Recall@5: 0.0326 MRR@5: 0.0137 NDCG@5: 0.0179 Recall@10: 0.0577 MRR@10: 0.0169 NDCG@10: 0.0311 Recall@20: 0.099 MRR@20: 0.0197 NDCG@20: 0.0486 
i<=8 Recall@5: 0.0309 MRR@5: 0.013 NDCG@5: 0.0164 Recall@10: 0.0545 MRR@10: 0.0161 NDCG@10: 0.0296 Recall@20: 0.0946 MRR@20: 0.0188 NDCG@20: 0.0466 
i<=9 Recall@5: 0.0303 MRR@5: 0.0129 NDCG@5: 0.0152 Recall@10: 0.0529 MRR@10: 0.0158 NDCG@10: 0.0289 Recall@20: 0.0917 MRR@20: 0.0185 NDCG@20: 0.0456 
i<=10 Recall@5: 0.0293 MRR@5: 0.0125 NDCG@5: 0.0141 Recall@10: 0.0511 MRR@10: 0.0153 NDCG@10: 0.028 Recall@20: 0.0885 MRR@20: 0.0179 NDCG@20: 0.0443 
i<=11 Recall@5: 0.0286 MRR@5: 0.0122 NDCG@5: 0.0132 Recall@10: 0.0504 MRR@10: 0.0151 NDCG@10: 0.0268 Recall@20: 0.0864 MRR@20: 0.0175 NDCG@20: 0.0434 
i<=12 Recall@5: 0.0278 MRR@5: 0.0119 NDCG@5: 0.0124 Recall@10: 0.0487 MRR@10: 0.0146 NDCG@10: 0.0254 Recall@20: 0.0838 MRR@20: 0.017 NDCG@20: 0.0421 
i<=13 Recall@5: 0.0272 MRR@5: 0.0118 NDCG@5: 0.0118 Recall@10: 0.0475 MRR@10: 0.0144 NDCG@10: 0.0244 Recall@20: 0.0814 MRR@20: 0.0167 NDCG@20: 0.0411 
i<=14 Recall@5: 0.0265 MRR@5: 0.0116 NDCG@5: 0.0111 Recall@10: 0.0461 MRR@10: 0.0141 NDCG@10: 0.0233 Recall@20: 0.0792 MRR@20: 0.0164 NDCG@20: 0.0402 
i<=15 Recall@5: 0.0259 MRR@5: 0.0113 NDCG@5: 0.0106 Recall@10: 0.0449 MRR@10: 0.0138 NDCG@10: 0.0225 Recall@20: 0.0776 MRR@20: 0.016 NDCG@20: 0.0395 
i<=16 Recall@5: 0.0249 MRR@5: 0.011 NDCG@5: 0.0101 Recall@10: 0.0435 MRR@10: 0.0134 NDCG@10: 0.0217 Recall@20: 0.0757 MRR@20: 0.0156 NDCG@20: 0.0386 
i<=17 Recall@5: 0.0243 MRR@5: 0.0108 NDCG@5: 0.0097 Recall@10: 0.0423 MRR@10: 0.0131 NDCG@10: 0.0207 Recall@20: 0.0739 MRR@20: 0.0153 NDCG@20: 0.0378 
i<=18 Recall@5: 0.0237 MRR@5: 0.0105 NDCG@5: 0.0093 Recall@10: 0.0414 MRR@10: 0.0128 NDCG@10: 0.02 Recall@20: 0.0725 MRR@20: 0.0149 NDCG@20: 0.0372 
i<=19 Recall@5: 0.0235 MRR@5: 0.0105 NDCG@5: 0.0091 Recall@10: 0.0407 MRR@10: 0.0127 NDCG@10: 0.0195 Recall@20: 0.0714 MRR@20: 0.0148 NDCG@20: 0.0367 
i<=20 Recall@5: 0.023 MRR@5: 0.0103 NDCG@5: 0.0088 Recall@10: 0.0399 MRR@10: 0.0125 NDCG@10: 0.0189 Recall@20: 0.0703 MRR@20: 0.0146 NDCG@20: 0.0362 
i<=21 Recall@5: 0.0227 MRR@5: 0.0101 NDCG@5: 0.0085 Recall@10: 0.0392 MRR@10: 0.0123 NDCG@10: 0.0185 Recall@20: 0.0697 MRR@20: 0.0144 NDCG@20: 0.0359 
i<=22 Recall@5: 0.0223 MRR@5: 0.0099 NDCG@5: 0.0083 Recall@10: 0.0385 MRR@10: 0.012 NDCG@10: 0.018 Recall@20: 0.0684 MRR@20: 0.0141 NDCG@20: 0.035 
i<=23 Recall@5: 0.0218 MRR@5: 0.0097 NDCG@5: 0.008 Recall@10: 0.0377 MRR@10: 0.0118 NDCG@10: 0.0175 Recall@20: 0.0672 MRR@20: 0.0138 NDCG@20: 0.0343 
i<=24 Recall@5: 0.0214 MRR@5: 0.0095 NDCG@5: 0.0078 Recall@10: 0.037 MRR@10: 0.0115 NDCG@10: 0.0171 Recall@20: 0.0663 MRR@20: 0.0135 NDCG@20: 0.0337 
i<=25 Recall@5: 0.021 MRR@5: 0.0093 NDCG@5: 0.0076 Recall@10: 0.0366 MRR@10: 0.0114 NDCG@10: 0.0168 Recall@20: 0.0657 MRR@20: 0.0133 NDCG@20: 0.0332 
i<=26 Recall@5: 0.0206 MRR@5: 0.0092 NDCG@5: 0.0074 Recall@10: 0.0361 MRR@10: 0.0112 NDCG@10: 0.0164 Recall@20: 0.0652 MRR@20: 0.0132 NDCG@20: 0.0327 
i<=27 Recall@5: 0.0203 MRR@5: 0.0091 NDCG@5: 0.0073 Recall@10: 0.0358 MRR@10: 0.0111 NDCG@10: 0.0162 Recall@20: 0.0646 MRR@20: 0.013 NDCG@20: 0.0323 
i<=28 Recall@5: 0.0202 MRR@5: 0.0089 NDCG@5: 0.0071 Recall@10: 0.0355 MRR@10: 0.0109 NDCG@10: 0.0159 Recall@20: 0.0639 MRR@20: 0.0129 NDCG@20: 0.0318 
i<=29 Recall@5: 0.0198 MRR@5: 0.0088 NDCG@5: 0.007 Recall@10: 0.035 MRR@10: 0.0108 NDCG@10: 0.0156 Recall@20: 0.0635 MRR@20: 0.0127 NDCG@20: 0.0315 
i<=30 Recall@5: 0.0196 MRR@5: 0.0087 NDCG@5: 0.0069 Recall@10: 0.0347 MRR@10: 0.0107 NDCG@10: 0.0154 Recall@20: 0.0628 MRR@20: 0.0126 NDCG@20: 0.031 
i<=31 Recall@5: 0.0193 MRR@5: 0.0086 NDCG@5: 0.0068 Recall@10: 0.0343 MRR@10: 0.0105 NDCG@10: 0.0151 Recall@20: 0.0624 MRR@20: 0.0124 NDCG@20: 0.0307 
i<=32 Recall@5: 0.0191 MRR@5: 0.0085 NDCG@5: 0.0067 Recall@10: 0.0339 MRR@10: 0.0105 NDCG@10: 0.0149 Recall@20: 0.0618 MRR@20: 0.0124 NDCG@20: 0.0303 
i<=33 Recall@5: 0.0188 MRR@5: 0.0084 NDCG@5: 0.0066 Recall@10: 0.0335 MRR@10: 0.0104 NDCG@10: 0.0147 Recall@20: 0.0612 MRR@20: 0.0122 NDCG@20: 0.0299 
i<=34 Recall@5: 0.0187 MRR@5: 0.0084 NDCG@5: 0.0065 Recall@10: 0.0332 MRR@10: 0.0103 NDCG@10: 0.0144 Recall@20: 0.0605 MRR@20: 0.0122 NDCG@20: 0.0295 
i<=35 Recall@5: 0.0185 MRR@5: 0.0083 NDCG@5: 0.0064 Recall@10: 0.0328 MRR@10: 0.0102 NDCG@10: 0.0142 Recall@20: 0.06 MRR@20: 0.012 NDCG@20: 0.0291 
i<=36 Recall@5: 0.0183 MRR@5: 0.0082 NDCG@5: 0.0063 Recall@10: 0.0325 MRR@10: 0.0101 NDCG@10: 0.014 Recall@20: 0.0593 MRR@20: 0.0119 NDCG@20: 0.0288 
i<=37 Recall@5: 0.018 MRR@5: 0.0081 NDCG@5: 0.0062 Recall@10: 0.0323 MRR@10: 0.01 NDCG@10: 0.0139 Recall@20: 0.0589 MRR@20: 0.0118 NDCG@20: 0.0286 
i<=38 Recall@5: 0.0178 MRR@5: 0.008 NDCG@5: 0.0061 Recall@10: 0.0318 MRR@10: 0.0098 NDCG@10: 0.0137 Recall@20: 0.0581 MRR@20: 0.0116 NDCG@20: 0.0282 
i<=39 Recall@5: 0.0176 MRR@5: 0.0079 NDCG@5: 0.006 Recall@10: 0.0317 MRR@10: 0.0098 NDCG@10: 0.0136 Recall@20: 0.0579 MRR@20: 0.0115 NDCG@20: 0.028 
i<=40 Recall@5: 0.0175 MRR@5: 0.0078 NDCG@5: 0.0059 Recall@10: 0.0314 MRR@10: 0.0097 NDCG@10: 0.0134 Recall@20: 0.0575 MRR@20: 0.0114 NDCG@20: 0.0277 
i<=41 Recall@5: 0.0173 MRR@5: 0.0078 NDCG@5: 0.0058 Recall@10: 0.0311 MRR@10: 0.0096 NDCG@10: 0.0132 Recall@20: 0.057 MRR@20: 0.0113 NDCG@20: 0.0274 
i<=42 Recall@5: 0.0171 MRR@5: 0.0077 NDCG@5: 0.0058 Recall@10: 0.0309 MRR@10: 0.0095 NDCG@10: 0.0131 Recall@20: 0.0567 MRR@20: 0.0113 NDCG@20: 0.0272 
i<=43 Recall@5: 0.0169 MRR@5: 0.0076 NDCG@5: 0.0057 Recall@10: 0.0306 MRR@10: 0.0094 NDCG@10: 0.013 Recall@20: 0.0563 MRR@20: 0.0112 NDCG@20: 0.027 
i<=44 Recall@5: 0.0168 MRR@5: 0.0076 NDCG@5: 0.0056 Recall@10: 0.0304 MRR@10: 0.0094 NDCG@10: 0.0128 Recall@20: 0.0561 MRR@20: 0.0111 NDCG@20: 0.0269 
i<=45 Recall@5: 0.0167 MRR@5: 0.0076 NDCG@5: 0.0056 Recall@10: 0.0303 MRR@10: 0.0093 NDCG@10: 0.0127 Recall@20: 0.0558 MRR@20: 0.0111 NDCG@20: 0.0267 
i<=46 Recall@5: 0.0165 MRR@5: 0.0075 NDCG@5: 0.0055 Recall@10: 0.0301 MRR@10: 0.0093 NDCG@10: 0.0125 Recall@20: 0.0554 MRR@20: 0.011 NDCG@20: 0.0265 
i<=47 Recall@5: 0.0164 MRR@5: 0.0075 NDCG@5: 0.0054 Recall@10: 0.0299 MRR@10: 0.0092 NDCG@10: 0.0124 Recall@20: 0.0551 MRR@20: 0.0109 NDCG@20: 0.0263 
i<=48 Recall@5: 0.0164 MRR@5: 0.0074 NDCG@5: 0.0054 Recall@10: 0.0298 MRR@10: 0.0092 NDCG@10: 0.0123 Recall@20: 0.0547 MRR@20: 0.0109 NDCG@20: 0.0261 
i<=49 Recall@5: 0.0162 MRR@5: 0.0074 NDCG@5: 0.0053 Recall@10: 0.0296 MRR@10: 0.0091 NDCG@10: 0.0122 Recall@20: 0.0545 MRR@20: 0.0108 NDCG@20: 0.0259 
i<=50 Recall@5: 0.0161 MRR@5: 0.0073 NDCG@5: 0.0053 Recall@10: 0.0294 MRR@10: 0.0091 NDCG@10: 0.0121 Recall@20: 0.0543 MRR@20: 0.0107 NDCG@20: 0.0257 
i<=51 Recall@5: 0.016 MRR@5: 0.0073 NDCG@5: 0.0052 Recall@10: 0.0292 MRR@10: 0.009 NDCG@10: 0.012 Recall@20: 0.0541 MRR@20: 0.0107 NDCG@20: 0.0256 
i<=52 Recall@5: 0.016 MRR@5: 0.0073 NDCG@5: 0.0052 Recall@10: 0.0291 MRR@10: 0.009 NDCG@10: 0.0119 Recall@20: 0.054 MRR@20: 0.0107 NDCG@20: 0.0256 
i<=53 Recall@5: 0.0158 MRR@5: 0.0072 NDCG@5: 0.0052 Recall@10: 0.0289 MRR@10: 0.0089 NDCG@10: 0.0118 Recall@20: 0.0537 MRR@20: 0.0106 NDCG@20: 0.0254 
i<=54 Recall@5: 0.0158 MRR@5: 0.0072 NDCG@5: 0.0051 Recall@10: 0.0289 MRR@10: 0.0089 NDCG@10: 0.0118 Recall@20: 0.0536 MRR@20: 0.0106 NDCG@20: 0.0252 
i<=55 Recall@5: 0.0158 MRR@5: 0.0072 NDCG@5: 0.0051 Recall@10: 0.0287 MRR@10: 0.0089 NDCG@10: 0.0117 Recall@20: 0.0534 MRR@20: 0.0105 NDCG@20: 0.0251 
i<=56 Recall@5: 0.0157 MRR@5: 0.0072 NDCG@5: 0.0051 Recall@10: 0.0286 MRR@10: 0.0088 NDCG@10: 0.0116 Recall@20: 0.0531 MRR@20: 0.0105 NDCG@20: 0.025 
i<=57 Recall@5: 0.0157 MRR@5: 0.0072 NDCG@5: 0.005 Recall@10: 0.0284 MRR@10: 0.0088 NDCG@10: 0.0115 Recall@20: 0.0529 MRR@20: 0.0105 NDCG@20: 0.0248 
i<=58 Recall@5: 0.0156 MRR@5: 0.0072 NDCG@5: 0.005 Recall@10: 0.0283 MRR@10: 0.0088 NDCG@10: 0.0114 Recall@20: 0.0526 MRR@20: 0.0105 NDCG@20: 0.0246 
i<=59 Recall@5: 0.0156 MRR@5: 0.0072 NDCG@5: 0.0049 Recall@10: 0.0282 MRR@10: 0.0088 NDCG@10: 0.0113 Recall@20: 0.0524 MRR@20: 0.0105 NDCG@20: 0.0245 
i<=60 Recall@5: 0.0155 MRR@5: 0.0071 NDCG@5: 0.0049 Recall@10: 0.0281 MRR@10: 0.0088 NDCG@10: 0.0113 Recall@20: 0.0522 MRR@20: 0.0104 NDCG@20: 0.0244 
i<=61 Recall@5: 0.0154 MRR@5: 0.0071 NDCG@5: 0.0049 Recall@10: 0.0279 MRR@10: 0.0087 NDCG@10: 0.0112 Recall@20: 0.052 MRR@20: 0.0104 NDCG@20: 0.0243 
i<=62 Recall@5: 0.0154 MRR@5: 0.0071 NDCG@5: 0.0048 Recall@10: 0.0279 MRR@10: 0.0087 NDCG@10: 0.0112 Recall@20: 0.0519 MRR@20: 0.0103 NDCG@20: 0.0242 
i<=63 Recall@5: 0.0154 MRR@5: 0.0071 NDCG@5: 0.0048 Recall@10: 0.0278 MRR@10: 0.0087 NDCG@10: 0.0111 Recall@20: 0.0517 MRR@20: 0.0103 NDCG@20: 0.0241 
i<=64 Recall@5: 0.0154 MRR@5: 0.0071 NDCG@5: 0.0048 Recall@10: 0.0277 MRR@10: 0.0087 NDCG@10: 0.0111 Recall@20: 0.0515 MRR@20: 0.0103 NDCG@20: 0.024 
i<=65 Recall@5: 0.0153 MRR@5: 0.0071 NDCG@5: 0.0048 Recall@10: 0.0276 MRR@10: 0.0087 NDCG@10: 0.011 Recall@20: 0.0513 MRR@20: 0.0103 NDCG@20: 0.0238 
i<=66 Recall@5: 0.0154 MRR@5: 0.0071 NDCG@5: 0.0048 Recall@10: 0.0275 MRR@10: 0.0087 NDCG@10: 0.011 Recall@20: 0.0512 MRR@20: 0.0103 NDCG@20: 0.0237 
i<=67 Recall@5: 0.0153 MRR@5: 0.0071 NDCG@5: 0.0047 Recall@10: 0.0274 MRR@10: 0.0086 NDCG@10: 0.0109 Recall@20: 0.051 MRR@20: 0.0102 NDCG@20: 0.0236 
i<=68 Recall@5: 0.0152 MRR@5: 0.007 NDCG@5: 0.0047 Recall@10: 0.0273 MRR@10: 0.0086 NDCG@10: 0.0108 Recall@20: 0.0508 MRR@20: 0.0102 NDCG@20: 0.0235 
i<=69 Recall@5: 0.0152 MRR@5: 0.007 NDCG@5: 0.0047 Recall@10: 0.0272 MRR@10: 0.0086 NDCG@10: 0.0108 Recall@20: 0.0506 MRR@20: 0.0101 NDCG@20: 0.0234 
i<=70 Recall@5: 0.0151 MRR@5: 0.007 NDCG@5: 0.0047 Recall@10: 0.0271 MRR@10: 0.0085 NDCG@10: 0.0107 Recall@20: 0.0504 MRR@20: 0.0101 NDCG@20: 0.0233 
i<=71 Recall@5: 0.015 MRR@5: 0.0069 NDCG@5: 0.0046 Recall@10: 0.0269 MRR@10: 0.0085 NDCG@10: 0.0107 Recall@20: 0.0502 MRR@20: 0.0101 NDCG@20: 0.0232 
i<=72 Recall@5: 0.015 MRR@5: 0.0069 NDCG@5: 0.0046 Recall@10: 0.0268 MRR@10: 0.0084 NDCG@10: 0.0106 Recall@20: 0.05 MRR@20: 0.01 NDCG@20: 0.0231 
i<=73 Recall@5: 0.0149 MRR@5: 0.0069 NDCG@5: 0.0046 Recall@10: 0.0267 MRR@10: 0.0084 NDCG@10: 0.0106 Recall@20: 0.0498 MRR@20: 0.01 NDCG@20: 0.023 
i<=74 Recall@5: 0.0149 MRR@5: 0.0068 NDCG@5: 0.0046 Recall@10: 0.0266 MRR@10: 0.0084 NDCG@10: 0.0105 Recall@20: 0.0496 MRR@20: 0.0099 NDCG@20: 0.0229 
i<=75 Recall@5: 0.0148 MRR@5: 0.0068 NDCG@5: 0.0046 Recall@10: 0.0265 MRR@10: 0.0083 NDCG@10: 0.0105 Recall@20: 0.0495 MRR@20: 0.0099 NDCG@20: 0.0228 
i<=76 Recall@5: 0.0147 MRR@5: 0.0068 NDCG@5: 0.0045 Recall@10: 0.0264 MRR@10: 0.0083 NDCG@10: 0.0104 Recall@20: 0.0493 MRR@20: 0.0099 NDCG@20: 0.0227 
i<=77 Recall@5: 0.0147 MRR@5: 0.0068 NDCG@5: 0.0045 Recall@10: 0.0263 MRR@10: 0.0083 NDCG@10: 0.0104 Recall@20: 0.0492 MRR@20: 0.0098 NDCG@20: 0.0226 
i<=78 Recall@5: 0.0146 MRR@5: 0.0068 NDCG@5: 0.0045 Recall@10: 0.0262 MRR@10: 0.0083 NDCG@10: 0.0103 Recall@20: 0.049 MRR@20: 0.0098 NDCG@20: 0.0225 
i<=79 Recall@5: 0.0146 MRR@5: 0.0067 NDCG@5: 0.0045 Recall@10: 0.0261 MRR@10: 0.0082 NDCG@10: 0.0103 Recall@20: 0.0488 MRR@20: 0.0098 NDCG@20: 0.0224 
i<=80 Recall@5: 0.0145 MRR@5: 0.0067 NDCG@5: 0.0044 Recall@10: 0.026 MRR@10: 0.0082 NDCG@10: 0.0102 Recall@20: 0.0486 MRR@20: 0.0097 NDCG@20: 0.0223 
i<=81 Recall@5: 0.0144 MRR@5: 0.0067 NDCG@5: 0.0044 Recall@10: 0.0259 MRR@10: 0.0082 NDCG@10: 0.0102 Recall@20: 0.0485 MRR@20: 0.0097 NDCG@20: 0.0223 
i<=82 Recall@5: 0.0144 MRR@5: 0.0066 NDCG@5: 0.0044 Recall@10: 0.0258 MRR@10: 0.0081 NDCG@10: 0.0101 Recall@20: 0.0484 MRR@20: 0.0097 NDCG@20: 0.0222 
i<=83 Recall@5: 0.0143 MRR@5: 0.0066 NDCG@5: 0.0044 Recall@10: 0.0257 MRR@10: 0.0081 NDCG@10: 0.0101 Recall@20: 0.0482 MRR@20: 0.0096 NDCG@20: 0.0221 
i<=84 Recall@5: 0.0143 MRR@5: 0.0066 NDCG@5: 0.0044 Recall@10: 0.0257 MRR@10: 0.0081 NDCG@10: 0.0101 Recall@20: 0.0481 MRR@20: 0.0096 NDCG@20: 0.022 
i<=85 Recall@5: 0.0143 MRR@5: 0.0066 NDCG@5: 0.0044 Recall@10: 0.0256 MRR@10: 0.0081 NDCG@10: 0.01 Recall@20: 0.0479 MRR@20: 0.0096 NDCG@20: 0.0219 
i<=86 Recall@5: 0.0142 MRR@5: 0.0066 NDCG@5: 0.0043 Recall@10: 0.0255 MRR@10: 0.0081 NDCG@10: 0.01 Recall@20: 0.0478 MRR@20: 0.0096 NDCG@20: 0.0219 
i<=87 Recall@5: 0.0142 MRR@5: 0.0066 NDCG@5: 0.0043 Recall@10: 0.0255 MRR@10: 0.008 NDCG@10: 0.01 Recall@20: 0.0477 MRR@20: 0.0095 NDCG@20: 0.0218 
i<=88 Recall@5: 0.0141 MRR@5: 0.0065 NDCG@5: 0.0043 Recall@10: 0.0254 MRR@10: 0.008 NDCG@10: 0.0099 Recall@20: 0.0475 MRR@20: 0.0095 NDCG@20: 0.0217 
i<=89 Recall@5: 0.0141 MRR@5: 0.0065 NDCG@5: 0.0043 Recall@10: 0.0254 MRR@10: 0.008 NDCG@10: 0.0099 Recall@20: 0.0475 MRR@20: 0.0095 NDCG@20: 0.0217 
i<=90 Recall@5: 0.0141 MRR@5: 0.0065 NDCG@5: 0.0043 Recall@10: 0.0253 MRR@10: 0.008 NDCG@10: 0.0099 Recall@20: 0.0474 MRR@20: 0.0095 NDCG@20: 0.0216 
i<=91 Recall@5: 0.014 MRR@5: 0.0065 NDCG@5: 0.0043 Recall@10: 0.0252 MRR@10: 0.008 NDCG@10: 0.0098 Recall@20: 0.0472 MRR@20: 0.0095 NDCG@20: 0.0216 
i<=92 Recall@5: 0.0141 MRR@5: 0.0065 NDCG@5: 0.0043 Recall@10: 0.0252 MRR@10: 0.008 NDCG@10: 0.0098 Recall@20: 0.0472 MRR@20: 0.0095 NDCG@20: 0.0215 
i<=93 Recall@5: 0.014 MRR@5: 0.0065 NDCG@5: 0.0043 Recall@10: 0.0252 MRR@10: 0.0079 NDCG@10: 0.0098 Recall@20: 0.0471 MRR@20: 0.0094 NDCG@20: 0.0215 
i<=94 Recall@5: 0.014 MRR@5: 0.0065 NDCG@5: 0.0042 Recall@10: 0.0251 MRR@10: 0.0079 NDCG@10: 0.0098 Recall@20: 0.047 MRR@20: 0.0094 NDCG@20: 0.0214 
i<=95 Recall@5: 0.014 MRR@5: 0.0065 NDCG@5: 0.0042 Recall@10: 0.0251 MRR@10: 0.0079 NDCG@10: 0.0098 Recall@20: 0.0469 MRR@20: 0.0094 NDCG@20: 0.0214 
i<=96 Recall@5: 0.0139 MRR@5: 0.0065 NDCG@5: 0.0042 Recall@10: 0.025 MRR@10: 0.0079 NDCG@10: 0.0097 Recall@20: 0.0468 MRR@20: 0.0094 NDCG@20: 0.0213 
i<=97 Recall@5: 0.0139 MRR@5: 0.0064 NDCG@5: 0.0042 Recall@10: 0.0249 MRR@10: 0.0079 NDCG@10: 0.0097 Recall@20: 0.0467 MRR@20: 0.0093 NDCG@20: 0.0213 
i<=98 Recall@5: 0.0139 MRR@5: 0.0064 NDCG@5: 0.0042 Recall@10: 0.0248 MRR@10: 0.0079 NDCG@10: 0.0097 Recall@20: 0.0466 MRR@20: 0.0093 NDCG@20: 0.0212 
i<=99 Recall@5: 0.0138 MRR@5: 0.0064 NDCG@5: 0.0042 Recall@10: 0.0248 MRR@10: 0.0078 NDCG@10: 0.0097 Recall@20: 0.0465 MRR@20: 0.0093 NDCG@20: 0.0212 
i<=100 Recall@5: 0.0138 MRR@5: 0.0064 NDCG@5: 0.0042 Recall@10: 0.0247 MRR@10: 0.0078 NDCG@10: 0.0096 Recall@20: 0.0464 MRR@20: 0.0093 NDCG@20: 0.0211 
i<=101 Recall@5: 0.0138 MRR@5: 0.0064 NDCG@5: 0.0042 Recall@10: 0.0247 MRR@10: 0.0078 NDCG@10: 0.0096 Recall@20: 0.0463 MRR@20: 0.0093 NDCG@20: 0.0211 
i<=102 Recall@5: 0.0137 MRR@5: 0.0064 NDCG@5: 0.0042 Recall@10: 0.0246 MRR@10: 0.0078 NDCG@10: 0.0096 Recall@20: 0.0462 MRR@20: 0.0092 NDCG@20: 0.021 
i<=103 Recall@5: 0.0137 MRR@5: 0.0064 NDCG@5: 0.0041 Recall@10: 0.0245 MRR@10: 0.0078 NDCG@10: 0.0096 Recall@20: 0.046 MRR@20: 0.0092 NDCG@20: 0.021 
i<=104 Recall@5: 0.0137 MRR@5: 0.0063 NDCG@5: 0.0041 Recall@10: 0.0244 MRR@10: 0.0077 NDCG@10: 0.0095 Recall@20: 0.0459 MRR@20: 0.0092 NDCG@20: 0.0209 
i<=105 Recall@5: 0.0137 MRR@5: 0.0063 NDCG@5: 0.0041 Recall@10: 0.0244 MRR@10: 0.0077 NDCG@10: 0.0095 Recall@20: 0.0459 MRR@20: 0.0092 NDCG@20: 0.0209 
i<=106 Recall@5: 0.0137 MRR@5: 0.0063 NDCG@5: 0.0041 Recall@10: 0.0244 MRR@10: 0.0077 NDCG@10: 0.0095 Recall@20: 0.0459 MRR@20: 0.0092 NDCG@20: 0.0208 
i<=107 Recall@5: 0.0137 MRR@5: 0.0064 NDCG@5: 0.0041 Recall@10: 0.0244 MRR@10: 0.0077 NDCG@10: 0.0095 Recall@20: 0.0459 MRR@20: 0.0092 NDCG@20: 0.0208 
i<=108 Recall@5: 0.0137 MRR@5: 0.0064 NDCG@5: 0.0041 Recall@10: 0.0244 MRR@10: 0.0078 NDCG@10: 0.0095 Recall@20: 0.0459 MRR@20: 0.0092 NDCG@20: 0.0208 
i<=109 Recall@5: 0.0137 MRR@5: 0.0063 NDCG@5: 0.0041 Recall@10: 0.0243 MRR@10: 0.0077 NDCG@10: 0.0095 Recall@20: 0.0458 MRR@20: 0.0092 NDCG@20: 0.0208 
i<=110 Recall@5: 0.0136 MRR@5: 0.0063 NDCG@5: 0.0041 Recall@10: 0.0243 MRR@10: 0.0077 NDCG@10: 0.0095 Recall@20: 0.0458 MRR@20: 0.0092 NDCG@20: 0.0208 
i<=111 Recall@5: 0.0136 MRR@5: 0.0063 NDCG@5: 0.0041 Recall@10: 0.0243 MRR@10: 0.0077 NDCG@10: 0.0095 Recall@20: 0.0457 MRR@20: 0.0092 NDCG@20: 0.0208 
i<=112 Recall@5: 0.0136 MRR@5: 0.0063 NDCG@5: 0.0041 Recall@10: 0.0243 MRR@10: 0.0077 NDCG@10: 0.0094 Recall@20: 0.0456 MRR@20: 0.0091 NDCG@20: 0.0207 
i<=113 Recall@5: 0.0136 MRR@5: 0.0063 NDCG@5: 0.0041 Recall@10: 0.0242 MRR@10: 0.0077 NDCG@10: 0.0094 Recall@20: 0.0455 MRR@20: 0.0091 NDCG@20: 0.0207 
i<=114 Recall@5: 0.0135 MRR@5: 0.0063 NDCG@5: 0.0041 Recall@10: 0.0242 MRR@10: 0.0077 NDCG@10: 0.0094 Recall@20: 0.0454 MRR@20: 0.0091 NDCG@20: 0.0206 
i<=115 Recall@5: 0.0135 MRR@5: 0.0063 NDCG@5: 0.0041 Recall@10: 0.0241 MRR@10: 0.0076 NDCG@10: 0.0094 Recall@20: 0.0454 MRR@20: 0.0091 NDCG@20: 0.0206 
i<=116 Recall@5: 0.0135 MRR@5: 0.0063 NDCG@5: 0.0041 Recall@10: 0.0241 MRR@10: 0.0076 NDCG@10: 0.0094 Recall@20: 0.0453 MRR@20: 0.0091 NDCG@20: 0.0206 
i<=117 Recall@5: 0.0135 MRR@5: 0.0062 NDCG@5: 0.004 Recall@10: 0.024 MRR@10: 0.0076 NDCG@10: 0.0093 Recall@20: 0.0452 MRR@20: 0.009 NDCG@20: 0.0205 
i<=118 Recall@5: 0.0134 MRR@5: 0.0062 NDCG@5: 0.004 Recall@10: 0.024 MRR@10: 0.0076 NDCG@10: 0.0093 Recall@20: 0.0451 MRR@20: 0.009 NDCG@20: 0.0205 
i<=119 Recall@5: 0.0134 MRR@5: 0.0062 NDCG@5: 0.004 Recall@10: 0.0239 MRR@10: 0.0076 NDCG@10: 0.0093 Recall@20: 0.045 MRR@20: 0.009 NDCG@20: 0.0204 
i<=120 Recall@5: 0.0134 MRR@5: 0.0062 NDCG@5: 0.004 Recall@10: 0.0239 MRR@10: 0.0076 NDCG@10: 0.0093 Recall@20: 0.045 MRR@20: 0.009 NDCG@20: 0.0204 
i<=121 Recall@5: 0.0134 MRR@5: 0.0062 NDCG@5: 0.004 Recall@10: 0.0239 MRR@10: 0.0076 NDCG@10: 0.0093 Recall@20: 0.045 MRR@20: 0.009 NDCG@20: 0.0204 
i<=122 Recall@5: 0.0134 MRR@5: 0.0062 NDCG@5: 0.004 Recall@10: 0.0239 MRR@10: 0.0076 NDCG@10: 0.0092 Recall@20: 0.0449 MRR@20: 0.009 NDCG@20: 0.0203 
i<=123 Recall@5: 0.0134 MRR@5: 0.0062 NDCG@5: 0.004 Recall@10: 0.0238 MRR@10: 0.0076 NDCG@10: 0.0092 Recall@20: 0.0448 MRR@20: 0.009 NDCG@20: 0.0203 
i<=124 Recall@5: 0.0133 MRR@5: 0.0062 NDCG@5: 0.004 Recall@10: 0.0238 MRR@10: 0.0075 NDCG@10: 0.0092 Recall@20: 0.0447 MRR@20: 0.009 NDCG@20: 0.0202 
i<=125 Recall@5: 0.0133 MRR@5: 0.0062 NDCG@5: 0.004 Recall@10: 0.0237 MRR@10: 0.0075 NDCG@10: 0.0092 Recall@20: 0.0447 MRR@20: 0.0089 NDCG@20: 0.0202 
i<=126 Recall@5: 0.0133 MRR@5: 0.0062 NDCG@5: 0.004 Recall@10: 0.0237 MRR@10: 0.0075 NDCG@10: 0.0092 Recall@20: 0.0446 MRR@20: 0.0089 NDCG@20: 0.0202 
i<=127 Recall@5: 0.0133 MRR@5: 0.0061 NDCG@5: 0.004 Recall@10: 0.0237 MRR@10: 0.0075 NDCG@10: 0.0092 Recall@20: 0.0445 MRR@20: 0.0089 NDCG@20: 0.0202 
i<=128 Recall@5: 0.0133 MRR@5: 0.0061 NDCG@5: 0.004 Recall@10: 0.0236 MRR@10: 0.0075 NDCG@10: 0.0092 Recall@20: 0.0445 MRR@20: 0.0089 NDCG@20: 0.0201 
i<=129 Recall@5: 0.0133 MRR@5: 0.0061 NDCG@5: 0.004 Recall@10: 0.0236 MRR@10: 0.0075 NDCG@10: 0.0092 Recall@20: 0.0445 MRR@20: 0.0089 NDCG@20: 0.0201 
i<=130 Recall@5: 0.0132 MRR@5: 0.0061 NDCG@5: 0.004 Recall@10: 0.0236 MRR@10: 0.0075 NDCG@10: 0.0092 Recall@20: 0.0444 MRR@20: 0.0089 NDCG@20: 0.0201 
i<=131 Recall@5: 0.0132 MRR@5: 0.0061 NDCG@5: 0.004 Recall@10: 0.0235 MRR@10: 0.0075 NDCG@10: 0.0091 Recall@20: 0.0443 MRR@20: 0.0089 NDCG@20: 0.0201 
i<=132 Recall@5: 0.0132 MRR@5: 0.0061 NDCG@5: 0.004 Recall@10: 0.0235 MRR@10: 0.0074 NDCG@10: 0.0091 Recall@20: 0.0443 MRR@20: 0.0089 NDCG@20: 0.02 
i<=133 Recall@5: 0.0132 MRR@5: 0.0061 NDCG@5: 0.004 Recall@10: 0.0235 MRR@10: 0.0075 NDCG@10: 0.0091 Recall@20: 0.0443 MRR@20: 0.0089 NDCG@20: 0.02 
i<=134 Recall@5: 0.0132 MRR@5: 0.0061 NDCG@5: 0.0039 Recall@10: 0.0235 MRR@10: 0.0075 NDCG@10: 0.0091 Recall@20: 0.0442 MRR@20: 0.0089 NDCG@20: 0.02 
i<=135 Recall@5: 0.0132 MRR@5: 0.0061 NDCG@5: 0.0039 Recall@10: 0.0235 MRR@10: 0.0075 NDCG@10: 0.0091 Recall@20: 0.0442 MRR@20: 0.0089 NDCG@20: 0.02 
i<=136 Recall@5: 0.0132 MRR@5: 0.0061 NDCG@5: 0.0039 Recall@10: 0.0235 MRR@10: 0.0074 NDCG@10: 0.0091 Recall@20: 0.0441 MRR@20: 0.0089 NDCG@20: 0.0199 
i<=137 Recall@5: 0.0132 MRR@5: 0.0061 NDCG@5: 0.0039 Recall@10: 0.0235 MRR@10: 0.0074 NDCG@10: 0.0091 Recall@20: 0.0441 MRR@20: 0.0088 NDCG@20: 0.0199 
i<=138 Recall@5: 0.0132 MRR@5: 0.0061 NDCG@5: 0.0039 Recall@10: 0.0234 MRR@10: 0.0074 NDCG@10: 0.0091 Recall@20: 0.0441 MRR@20: 0.0088 NDCG@20: 0.0199 
i<=139 Recall@5: 0.0132 MRR@5: 0.0061 NDCG@5: 0.0039 Recall@10: 0.0234 MRR@10: 0.0074 NDCG@10: 0.009 Recall@20: 0.0441 MRR@20: 0.0088 NDCG@20: 0.0199 
i<=140 Recall@5: 0.0132 MRR@5: 0.0061 NDCG@5: 0.0039 Recall@10: 0.0234 MRR@10: 0.0074 NDCG@10: 0.009 Recall@20: 0.0441 MRR@20: 0.0088 NDCG@20: 0.0199 
i<=141 Recall@5: 0.0132 MRR@5: 0.0061 NDCG@5: 0.0039 Recall@10: 0.0234 MRR@10: 0.0074 NDCG@10: 0.009 Recall@20: 0.044 MRR@20: 0.0088 NDCG@20: 0.0199 
i<=142 Recall@5: 0.0131 MRR@5: 0.0061 NDCG@5: 0.0039 Recall@10: 0.0234 MRR@10: 0.0074 NDCG@10: 0.009 Recall@20: 0.044 MRR@20: 0.0088 NDCG@20: 0.0199 
i<=143 Recall@5: 0.0131 MRR@5: 0.0061 NDCG@5: 0.0039 Recall@10: 0.0233 MRR@10: 0.0074 NDCG@10: 0.009 Recall@20: 0.0439 MRR@20: 0.0088 NDCG@20: 0.0198 
i<=144 Recall@5: 0.0131 MRR@5: 0.0061 NDCG@5: 0.0039 Recall@10: 0.0233 MRR@10: 0.0074 NDCG@10: 0.009 Recall@20: 0.0439 MRR@20: 0.0088 NDCG@20: 0.0198 
i<=145 Recall@5: 0.0131 MRR@5: 0.0061 NDCG@5: 0.0039 Recall@10: 0.0233 MRR@10: 0.0074 NDCG@10: 0.009 Recall@20: 0.0439 MRR@20: 0.0088 NDCG@20: 0.0198 
i<=146 Recall@5: 0.0131 MRR@5: 0.0061 NDCG@5: 0.0039 Recall@10: 0.0233 MRR@10: 0.0074 NDCG@10: 0.009 Recall@20: 0.0439 MRR@20: 0.0088 NDCG@20: 0.0198 
i<=147 Recall@5: 0.0131 MRR@5: 0.0061 NDCG@5: 0.0039 Recall@10: 0.0233 MRR@10: 0.0074 NDCG@10: 0.009 Recall@20: 0.0438 MRR@20: 0.0088 NDCG@20: 0.0198 
i<=148 Recall@5: 0.0131 MRR@5: 0.006 NDCG@5: 0.0039 Recall@10: 0.0232 MRR@10: 0.0074 NDCG@10: 0.009 Recall@20: 0.0438 MRR@20: 0.0088 NDCG@20: 0.0198 
i<=149 Recall@5: 0.0131 MRR@5: 0.006 NDCG@5: 0.0039 Recall@10: 0.0232 MRR@10: 0.0074 NDCG@10: 0.0089 Recall@20: 0.0438 MRR@20: 0.0088 NDCG@20: 0.0197 
i<=150 Recall@5: 0.0131 MRR@5: 0.006 NDCG@5: 0.0039 Recall@10: 0.0232 MRR@10: 0.0074 NDCG@10: 0.009 Recall@20: 0.0438 MRR@20: 0.0088 NDCG@20: 0.0198 
i<=151 Recall@5: 0.0131 MRR@5: 0.0061 NDCG@5: 0.0039 Recall@10: 0.0232 MRR@10: 0.0074 NDCG@10: 0.0089 Recall@20: 0.0438 MRR@20: 0.0088 NDCG@20: 0.0197 
i<=152 Recall@5: 0.0131 MRR@5: 0.0061 NDCG@5: 0.0039 Recall@10: 0.0233 MRR@10: 0.0074 NDCG@10: 0.0089 Recall@20: 0.0438 MRR@20: 0.0088 NDCG@20: 0.0197 
i<=153 Recall@5: 0.0131 MRR@5: 0.006 NDCG@5: 0.0039 Recall@10: 0.0233 MRR@10: 0.0074 NDCG@10: 0.0089 Recall@20: 0.0438 MRR@20: 0.0088 NDCG@20: 0.0197 
i<=154 Recall@5: 0.0131 MRR@5: 0.006 NDCG@5: 0.0039 Recall@10: 0.0232 MRR@10: 0.0074 NDCG@10: 0.0089 Recall@20: 0.0437 MRR@20: 0.0088 NDCG@20: 0.0197 
i<=155 Recall@5: 0.0131 MRR@5: 0.006 NDCG@5: 0.0039 Recall@10: 0.0232 MRR@10: 0.0074 NDCG@10: 0.0089 Recall@20: 0.0437 MRR@20: 0.0087 NDCG@20: 0.0197 
i<=156 Recall@5: 0.013 MRR@5: 0.006 NDCG@5: 0.0039 Recall@10: 0.0232 MRR@10: 0.0074 NDCG@10: 0.0089 Recall@20: 0.0437 MRR@20: 0.0087 NDCG@20: 0.0197 
i<=157 Recall@5: 0.013 MRR@5: 0.006 NDCG@5: 0.0039 Recall@10: 0.0232 MRR@10: 0.0073 NDCG@10: 0.0089 Recall@20: 0.0436 MRR@20: 0.0087 NDCG@20: 0.0197 
i<=158 Recall@5: 0.013 MRR@5: 0.006 NDCG@5: 0.0039 Recall@10: 0.0232 MRR@10: 0.0073 NDCG@10: 0.0089 Recall@20: 0.0436 MRR@20: 0.0087 NDCG@20: 0.0196 
i<=159 Recall@5: 0.013 MRR@5: 0.006 NDCG@5: 0.0038 Recall@10: 0.0232 MRR@10: 0.0073 NDCG@10: 0.0089 Recall@20: 0.0436 MRR@20: 0.0087 NDCG@20: 0.0196 
i<=160 Recall@5: 0.013 MRR@5: 0.006 NDCG@5: 0.0038 Recall@10: 0.0231 MRR@10: 0.0073 NDCG@10: 0.0089 Recall@20: 0.0435 MRR@20: 0.0087 NDCG@20: 0.0196 
i<=161 Recall@5: 0.013 MRR@5: 0.006 NDCG@5: 0.0038 Recall@10: 0.0231 MRR@10: 0.0073 NDCG@10: 0.0089 Recall@20: 0.0435 MRR@20: 0.0087 NDCG@20: 0.0196 
i<=162 Recall@5: 0.013 MRR@5: 0.006 NDCG@5: 0.0038 Recall@10: 0.0231 MRR@10: 0.0073 NDCG@10: 0.0089 Recall@20: 0.0435 MRR@20: 0.0087 NDCG@20: 0.0196 
i<=163 Recall@5: 0.013 MRR@5: 0.006 NDCG@5: 0.0038 Recall@10: 0.0231 MRR@10: 0.0073 NDCG@10: 0.0089 Recall@20: 0.0435 MRR@20: 0.0087 NDCG@20: 0.0196 
i<=164 Recall@5: 0.013 MRR@5: 0.006 NDCG@5: 0.0038 Recall@10: 0.0231 MRR@10: 0.0073 NDCG@10: 0.0088 Recall@20: 0.0435 MRR@20: 0.0087 NDCG@20: 0.0196 
i<=165 Recall@5: 0.013 MRR@5: 0.006 NDCG@5: 0.0038 Recall@10: 0.0231 MRR@10: 0.0073 NDCG@10: 0.0088 Recall@20: 0.0434 MRR@20: 0.0087 NDCG@20: 0.0196 
i<=166 Recall@5: 0.013 MRR@5: 0.006 NDCG@5: 0.0038 Recall@10: 0.0231 MRR@10: 0.0073 NDCG@10: 0.0088 Recall@20: 0.0434 MRR@20: 0.0087 NDCG@20: 0.0195 
i<=167 Recall@5: 0.013 MRR@5: 0.006 NDCG@5: 0.0038 Recall@10: 0.0231 MRR@10: 0.0073 NDCG@10: 0.0088 Recall@20: 0.0434 MRR@20: 0.0087 NDCG@20: 0.0195 
i<=168 Recall@5: 0.013 MRR@5: 0.006 NDCG@5: 0.0038 Recall@10: 0.0231 MRR@10: 0.0073 NDCG@10: 0.0088 Recall@20: 0.0434 MRR@20: 0.0087 NDCG@20: 0.0195 
i<=169 Recall@5: 0.013 MRR@5: 0.006 NDCG@5: 0.0038 Recall@10: 0.0231 MRR@10: 0.0073 NDCG@10: 0.0088 Recall@20: 0.0434 MRR@20: 0.0087 NDCG@20: 0.0195 
i<=170 Recall@5: 0.013 MRR@5: 0.006 NDCG@5: 0.0038 Recall@10: 0.0231 MRR@10: 0.0073 NDCG@10: 0.0088 Recall@20: 0.0434 MRR@20: 0.0087 NDCG@20: 0.0195 
i<=171 Recall@5: 0.013 MRR@5: 0.006 NDCG@5: 0.0038 Recall@10: 0.0231 MRR@10: 0.0073 NDCG@10: 0.0088 Recall@20: 0.0434 MRR@20: 0.0087 NDCG@20: 0.0195 
i<=172 Recall@5: 0.013 MRR@5: 0.006 NDCG@5: 0.0038 Recall@10: 0.0231 MRR@10: 0.0073 NDCG@10: 0.0088 Recall@20: 0.0434 MRR@20: 0.0087 NDCG@20: 0.0195 
i<=173 Recall@5: 0.013 MRR@5: 0.006 NDCG@5: 0.0038 Recall@10: 0.0231 MRR@10: 0.0073 NDCG@10: 0.0088 Recall@20: 0.0434 MRR@20: 0.0087 NDCG@20: 0.0195 
i<=174 Recall@5: 0.013 MRR@5: 0.006 NDCG@5: 0.0038 Recall@10: 0.0231 MRR@10: 0.0073 NDCG@10: 0.0088 Recall@20: 0.0434 MRR@20: 0.0087 NDCG@20: 0.0195 
i<=175 Recall@5: 0.013 MRR@5: 0.006 NDCG@5: 0.0038 Recall@10: 0.0231 MRR@10: 0.0073 NDCG@10: 0.0088 Recall@20: 0.0434 MRR@20: 0.0087 NDCG@20: 0.0195 
i<=176 Recall@5: 0.013 MRR@5: 0.006 NDCG@5: 0.0038 Recall@10: 0.0231 MRR@10: 0.0073 NDCG@10: 0.0088 Recall@20: 0.0434 MRR@20: 0.0087 NDCG@20: 0.0195 
i<=177 Recall@5: 0.013 MRR@5: 0.006 NDCG@5: 0.0038 Recall@10: 0.0231 MRR@10: 0.0073 NDCG@10: 0.0088 Recall@20: 0.0434 MRR@20: 0.0087 NDCG@20: 0.0194 
i<=178 Recall@5: 0.013 MRR@5: 0.006 NDCG@5: 0.0038 Recall@10: 0.0231 MRR@10: 0.0073 NDCG@10: 0.0088 Recall@20: 0.0434 MRR@20: 0.0087 NDCG@20: 0.0194 
i<=179 Recall@5: 0.013 MRR@5: 0.006 NDCG@5: 0.0038 Recall@10: 0.0231 MRR@10: 0.0073 NDCG@10: 0.0088 Recall@20: 0.0434 MRR@20: 0.0087 NDCG@20: 0.0194 
i<=180 Recall@5: 0.013 MRR@5: 0.006 NDCG@5: 0.0038 Recall@10: 0.0231 MRR@10: 0.0073 NDCG@10: 0.0088 Recall@20: 0.0434 MRR@20: 0.0087 NDCG@20: 0.0194 
i<=181 Recall@5: 0.013 MRR@5: 0.006 NDCG@5: 0.0038 Recall@10: 0.0231 MRR@10: 0.0073 NDCG@10: 0.0088 Recall@20: 0.0434 MRR@20: 0.0087 NDCG@20: 0.0194 
i<=182 Recall@5: 0.013 MRR@5: 0.006 NDCG@5: 0.0038 Recall@10: 0.0231 MRR@10: 0.0073 NDCG@10: 0.0088 Recall@20: 0.0434 MRR@20: 0.0087 NDCG@20: 0.0194 
i<=183 Recall@5: 0.013 MRR@5: 0.006 NDCG@5: 0.0038 Recall@10: 0.0231 MRR@10: 0.0073 NDCG@10: 0.0088 Recall@20: 0.0434 MRR@20: 0.0087 NDCG@20: 0.0194 
i<=184 Recall@5: 0.013 MRR@5: 0.006 NDCG@5: 0.0038 Recall@10: 0.0231 MRR@10: 0.0073 NDCG@10: 0.0088 Recall@20: 0.0434 MRR@20: 0.0087 NDCG@20: 0.0194 
i<=185 Recall@5: 0.013 MRR@5: 0.006 NDCG@5: 0.0038 Recall@10: 0.0231 MRR@10: 0.0073 NDCG@10: 0.0088 Recall@20: 0.0434 MRR@20: 0.0087 NDCG@20: 0.0194 
i<=186 Recall@5: 0.013 MRR@5: 0.006 NDCG@5: 0.0038 Recall@10: 0.0231 MRR@10: 0.0073 NDCG@10: 0.0088 Recall@20: 0.0434 MRR@20: 0.0087 NDCG@20: 0.0194 
i<=187 Recall@5: 0.013 MRR@5: 0.006 NDCG@5: 0.0038 Recall@10: 0.0231 MRR@10: 0.0073 NDCG@10: 0.0088 Recall@20: 0.0434 MRR@20: 0.0087 NDCG@20: 0.0194 
i<=188 Recall@5: 0.013 MRR@5: 0.006 NDCG@5: 0.0038 Recall@10: 0.0231 MRR@10: 0.0073 NDCG@10: 0.0088 Recall@20: 0.0434 MRR@20: 0.0087 NDCG@20: 0.0194 
i<=189 Recall@5: 0.013 MRR@5: 0.006 NDCG@5: 0.0038 Recall@10: 0.0231 MRR@10: 0.0073 NDCG@10: 0.0088 Recall@20: 0.0434 MRR@20: 0.0087 NDCG@20: 0.0194 
i<=190 Recall@5: 0.013 MRR@5: 0.006 NDCG@5: 0.0038 Recall@10: 0.0231 MRR@10: 0.0073 NDCG@10: 0.0088 Recall@20: 0.0434 MRR@20: 0.0087 NDCG@20: 0.0194 
i<=191 Recall@5: 0.013 MRR@5: 0.006 NDCG@5: 0.0038 Recall@10: 0.0231 MRR@10: 0.0073 NDCG@10: 0.0088 Recall@20: 0.0434 MRR@20: 0.0087 NDCG@20: 0.0194 
i<=192 Recall@5: 0.013 MRR@5: 0.006 NDCG@5: 0.0038 Recall@10: 0.0231 MRR@10: 0.0073 NDCG@10: 0.0088 Recall@20: 0.0434 MRR@20: 0.0087 NDCG@20: 0.0194 
i<=193 Recall@5: 0.013 MRR@5: 0.006 NDCG@5: 0.0038 Recall@10: 0.0231 MRR@10: 0.0073 NDCG@10: 0.0088 Recall@20: 0.0434 MRR@20: 0.0087 NDCG@20: 0.0194 
i<=194 Recall@5: 0.013 MRR@5: 0.006 NDCG@5: 0.0038 Recall@10: 0.0231 MRR@10: 0.0073 NDCG@10: 0.0088 Recall@20: 0.0434 MRR@20: 0.0087 NDCG@20: 0.0194 
i<=195 Recall@5: 0.013 MRR@5: 0.006 NDCG@5: 0.0038 Recall@10: 0.0231 MRR@10: 0.0073 NDCG@10: 0.0088 Recall@20: 0.0434 MRR@20: 0.0087 NDCG@20: 0.0194 
i<=196 Recall@5: 0.013 MRR@5: 0.006 NDCG@5: 0.0038 Recall@10: 0.0231 MRR@10: 0.0073 NDCG@10: 0.0088 Recall@20: 0.0434 MRR@20: 0.0087 NDCG@20: 0.0194 
i<=197 Recall@5: 0.013 MRR@5: 0.006 NDCG@5: 0.0038 Recall@10: 0.0231 MRR@10: 0.0073 NDCG@10: 0.0088 Recall@20: 0.0434 MRR@20: 0.0087 NDCG@20: 0.0194 
i<=198 Recall@5: 0.013 MRR@5: 0.006 NDCG@5: 0.0038 Recall@10: 0.0231 MRR@10: 0.0073 NDCG@10: 0.0088 Recall@20: 0.0434 MRR@20: 0.0087 NDCG@20: 0.0194 
i<=199 Recall@5: 0.013 MRR@5: 0.006 NDCG@5: 0.0038 Recall@10: 0.0231 MRR@10: 0.0073 NDCG@10: 0.0088 Recall@20: 0.0434 MRR@20: 0.0087 NDCG@20: 0.0194 

INFO:root:2022-11-12 01:21:01.145747
	Epoch #: 2
	Epoch loss: 42.843390107154846


i<=1 Recall@5: 0.0347 MRR@5: 0.0204 NDCG@5: 0.0244 Recall@10: 0.0679 MRR@10: 0.0248 NDCG@10: 0.0366 Recall@20: 0.1279 MRR@20: 0.0288 NDCG@20: 0.06 
i<=2 Recall@5: 0.0427 MRR@5: 0.0231 NDCG@5: 0.0286 Recall@10: 0.0725 MRR@10: 0.0271 NDCG@10: 0.0397 Recall@20: 0.1285 MRR@20: 0.0309 NDCG@20: 0.0609 
i<=3 Recall@5: 0.0421 MRR@5: 0.0227 NDCG@5: 0.0289 Recall@10: 0.069 MRR@10: 0.0263 NDCG@10: 0.0399 Recall@20: 0.1238 MRR@20: 0.0301 NDCG@20: 0.061 
i<=4 Recall@5: 0.0406 MRR@5: 0.022 NDCG@5: 0.028 Recall@10: 0.0691 MRR@10: 0.0257 NDCG@10: 0.0397 Recall@20: 0.1209 MRR@20: 0.0292 NDCG@20: 0.0597 
i<=5 Recall@5: 0.0394 MRR@5: 0.0207 NDCG@5: 0.0268 Recall@10: 0.0674 MRR@10: 0.0244 NDCG@10: 0.0388 Recall@20: 0.1174 MRR@20: 0.0278 NDCG@20: 0.0582 
i<=6 Recall@5: 0.0378 MRR@5: 0.0196 NDCG@5: 0.0236 Recall@10: 0.0643 MRR@10: 0.0231 NDCG@10: 0.0368 Recall@20: 0.1113 MRR@20: 0.0262 NDCG@20: 0.0556 
i<=7 Recall@5: 0.0358 MRR@5: 0.0185 NDCG@5: 0.0215 Recall@10: 0.0614 MRR@10: 0.0218 NDCG@10: 0.0351 Recall@20: 0.1056 MRR@20: 0.0248 NDCG@20: 0.053 
i<=8 Recall@5: 0.0335 MRR@5: 0.0172 NDCG@5: 0.0196 Recall@10: 0.0582 MRR@10: 0.0205 NDCG@10: 0.0334 Recall@20: 0.1009 MRR@20: 0.0233 NDCG@20: 0.051 
i<=9 Recall@5: 0.0322 MRR@5: 0.0166 NDCG@5: 0.018 Recall@10: 0.0565 MRR@10: 0.0198 NDCG@10: 0.0324 Recall@20: 0.0979 MRR@20: 0.0225 NDCG@20: 0.0497 
i<=10 Recall@5: 0.0314 MRR@5: 0.0161 NDCG@5: 0.0166 Recall@10: 0.0546 MRR@10: 0.0191 NDCG@10: 0.0313 Recall@20: 0.0947 MRR@20: 0.0218 NDCG@20: 0.0482 
i<=11 Recall@5: 0.0308 MRR@5: 0.0158 NDCG@5: 0.0158 Recall@10: 0.0538 MRR@10: 0.0188 NDCG@10: 0.0299 Recall@20: 0.0929 MRR@20: 0.0214 NDCG@20: 0.0473 
i<=12 Recall@5: 0.0303 MRR@5: 0.0154 NDCG@5: 0.0149 Recall@10: 0.0527 MRR@10: 0.0183 NDCG@10: 0.0286 Recall@20: 0.0915 MRR@20: 0.0209 NDCG@20: 0.0469 
i<=13 Recall@5: 0.0298 MRR@5: 0.0152 NDCG@5: 0.0141 Recall@10: 0.0515 MRR@10: 0.018 NDCG@10: 0.0273 Recall@20: 0.0892 MRR@20: 0.0205 NDCG@20: 0.0459 
i<=14 Recall@5: 0.029 MRR@5: 0.0148 NDCG@5: 0.0133 Recall@10: 0.0505 MRR@10: 0.0176 NDCG@10: 0.0261 Recall@20: 0.0871 MRR@20: 0.02 NDCG@20: 0.045 
i<=15 Recall@5: 0.0288 MRR@5: 0.0148 NDCG@5: 0.0128 Recall@10: 0.0501 MRR@10: 0.0175 NDCG@10: 0.0253 Recall@20: 0.086 MRR@20: 0.0199 NDCG@20: 0.0446 
i<=16 Recall@5: 0.0281 MRR@5: 0.0143 NDCG@5: 0.0122 Recall@10: 0.0491 MRR@10: 0.0171 NDCG@10: 0.0244 Recall@20: 0.0849 MRR@20: 0.0194 NDCG@20: 0.044 
i<=17 Recall@5: 0.0274 MRR@5: 0.014 NDCG@5: 0.0117 Recall@10: 0.0481 MRR@10: 0.0167 NDCG@10: 0.0236 Recall@20: 0.0836 MRR@20: 0.019 NDCG@20: 0.0434 
i<=18 Recall@5: 0.0271 MRR@5: 0.0138 NDCG@5: 0.0113 Recall@10: 0.0472 MRR@10: 0.0164 NDCG@10: 0.0229 Recall@20: 0.0822 MRR@20: 0.0188 NDCG@20: 0.0427 
i<=19 Recall@5: 0.0269 MRR@5: 0.0139 NDCG@5: 0.011 Recall@10: 0.0467 MRR@10: 0.0164 NDCG@10: 0.0223 Recall@20: 0.0815 MRR@20: 0.0188 NDCG@20: 0.0424 
i<=20 Recall@5: 0.0269 MRR@5: 0.014 NDCG@5: 0.0107 Recall@10: 0.0462 MRR@10: 0.0165 NDCG@10: 0.0218 Recall@20: 0.0805 MRR@20: 0.0188 NDCG@20: 0.0421 
i<=21 Recall@5: 0.0265 MRR@5: 0.0138 NDCG@5: 0.0104 Recall@10: 0.0454 MRR@10: 0.0163 NDCG@10: 0.0214 Recall@20: 0.0798 MRR@20: 0.0186 NDCG@20: 0.0415 
i<=22 Recall@5: 0.0259 MRR@5: 0.0135 NDCG@5: 0.0101 Recall@10: 0.0444 MRR@10: 0.0159 NDCG@10: 0.0208 Recall@20: 0.0785 MRR@20: 0.0182 NDCG@20: 0.0408 
i<=23 Recall@5: 0.0254 MRR@5: 0.0133 NDCG@5: 0.0098 Recall@10: 0.0436 MRR@10: 0.0156 NDCG@10: 0.0202 Recall@20: 0.0774 MRR@20: 0.0179 NDCG@20: 0.0401 
i<=24 Recall@5: 0.0252 MRR@5: 0.0132 NDCG@5: 0.0096 Recall@10: 0.0433 MRR@10: 0.0156 NDCG@10: 0.0198 Recall@20: 0.0769 MRR@20: 0.0178 NDCG@20: 0.0397 
i<=25 Recall@5: 0.0252 MRR@5: 0.0132 NDCG@5: 0.0094 Recall@10: 0.0431 MRR@10: 0.0155 NDCG@10: 0.0195 Recall@20: 0.0764 MRR@20: 0.0177 NDCG@20: 0.0392 
