INFO:root:2022-11-11 15:23:33.153796
------------------------------------------
DATASET: steam MODEL: II-RNN
CONFIG: N_ITEMS=4332 BATCHSIZE=100
ST_INTERNALSIZE=80 LT_INTERNALSIZE=80
N_LAYERS=1 SEQLEN=19 EMBEDDING_SIZE=80
N_SESSIONS=9501 SEED=0
MAX_SESSION_REPRESENTATIONS=15
DROPOUT=0.8 LEARNING_RATE=0.001

評估測試方式:
如果session長度=20。訓練/測試長度本身差1位子(訓練:20/測試:19)，因此測試中會有1-19個對答案的結果。
#每讀取到該指定位子都會與ground truth計算評估分數，並統計從前面計數到該時間的成績(分子/分母皆會累計)。
ex: i<=4 的結果包含統計所有session中的前5個紀錄的輸入結果。
ex: i<=19 的結果包含統計所有session中的前20個紀錄的輸入結果。

WARNING:tensorflow:From <ipython-input-5-a6a825e83f51>:40: GRUCell.__init__ (from tensorflow.python.ops.rnn_cell_impl) is deprecated and will be removed in a future version.
Instructions for updating:
This class is equivalent as tf.keras.layers.GRUCell, and will be replaced by that in Tensorflow 2.0.
WARNING:tensorflow:From <ipython-input-5-a6a825e83f51>:43: dynamic_rnn (from tensorflow.python.ops.rnn) is deprecated and will be removed in a future version.
Instructions for updating:
Please use `keras.layers.RNN(cell)`, which is equivalent to this API
WARNING:tensorflow:From C:\Users\Jun\Anaconda3\envs\Jun-model\lib\site-packages\tensorflow\python\ops\init_ops.py:1251: calling VarianceScaling.__init__ (from tensorflow.python.ops.init_ops) with dtype is deprecated and will be removed in a future version.
Instructions for updating:
Call initializer instance with the dtype argument instead of passing it to the constructor
WARNING:tensorflow:From C:\Users\Jun\Anaconda3\envs\Jun-model\lib\site-packages\tensorflow\python\ops\rnn_cell_impl.py:564: calling Constant.__init__ (from tensorflow.python.ops.init_ops) with dtype is deprecated and will be removed in a future version.
Instructions for updating:
Call initializer instance with the dtype argument instead of passing it to the constructor
WARNING:tensorflow:From C:\Users\Jun\Anaconda3\envs\Jun-model\lib\site-packages\tensorflow\python\ops\rnn_cell_impl.py:574: calling Zeros.__init__ (from tensorflow.python.ops.init_ops) with dtype is deprecated and will be removed in a future version.
Instructions for updating:
Call initializer instance with the dtype argument instead of passing it to the constructor
WARNING:tensorflow:From C:\Users\Jun\Anaconda3\envs\Jun-model\lib\site-packages\tensorflow\python\ops\rnn.py:244: add_dispatch_support.<locals>.wrapper (from tensorflow.python.ops.array_ops) is deprecated and will be removed in a future version.
Instructions for updating:
Use tf.where in 2.0, which has the same broadcast rule as np.where
WARNING:tensorflow:From <ipython-input-5-a6a825e83f51>:51: MultiRNNCell.__init__ (from tensorflow.python.ops.rnn_cell_impl) is deprecated and will be removed in a future version.
Instructions for updating:
This class is equivalent as tf.keras.layers.StackedRNNCells, and will be replaced by that in Tensorflow 2.0.
WARNING:tensorflow:From <ipython-input-5-a6a825e83f51>:71: to_float (from tensorflow.python.ops.math_ops) is deprecated and will be removed in a future version.
Instructions for updating:
Use `tf.cast` instead.
INFO:root:2022-11-11 15:23:52.420242
	Epoch #: 1
	Epoch loss: 111.43800169229507


i<=1 Recall@5: 0.1221 MRR@5: 0.0837 NDCG@5: 0.0937 Recall@10: 0.1803 MRR@10: 0.0909 NDCG@10: 0.1128 Recall@20: 0.2647 MRR@20: 0.0966 NDCG@20: 0.1353 
i<=2 Recall@5: 0.1334 MRR@5: 0.0854 NDCG@5: 0.098 Recall@10: 0.1934 MRR@10: 0.0929 NDCG@10: 0.1181 Recall@20: 0.2767 MRR@20: 0.0986 NDCG@20: 0.1404 
i<=3 Recall@5: 0.1306 MRR@5: 0.083 NDCG@5: 0.0957 Recall@10: 0.1887 MRR@10: 0.0903 NDCG@10: 0.1155 Recall@20: 0.2692 MRR@20: 0.0957 NDCG@20: 0.1375 
i<=4 Recall@5: 0.1284 MRR@5: 0.0813 NDCG@5: 0.094 Recall@10: 0.185 MRR@10: 0.0884 NDCG@10: 0.1133 Recall@20: 0.2638 MRR@20: 0.0937 NDCG@20: 0.1351 
i<=5 Recall@5: 0.1276 MRR@5: 0.0804 NDCG@5: 0.0932 Recall@10: 0.1832 MRR@10: 0.0874 NDCG@10: 0.1124 Recall@20: 0.261 MRR@20: 0.0926 NDCG@20: 0.134 
i<=6 Recall@5: 0.1266 MRR@5: 0.0797 NDCG@5: 0.0918 Recall@10: 0.1819 MRR@10: 0.0866 NDCG@10: 0.1115 Recall@20: 0.2597 MRR@20: 0.0919 NDCG@20: 0.1335 
i<=7 Recall@5: 0.1255 MRR@5: 0.0787 NDCG@5: 0.09 Recall@10: 0.1799 MRR@10: 0.0855 NDCG@10: 0.1102 Recall@20: 0.2571 MRR@20: 0.0908 NDCG@20: 0.1321 
i<=8 Recall@5: 0.1246 MRR@5: 0.0781 NDCG@5: 0.0886 Recall@10: 0.1788 MRR@10: 0.085 NDCG@10: 0.1095 Recall@20: 0.2558 MRR@20: 0.0902 NDCG@20: 0.1314 
i<=9 Recall@5: 0.1243 MRR@5: 0.0777 NDCG@5: 0.0877 Recall@10: 0.1778 MRR@10: 0.0844 NDCG@10: 0.1089 Recall@20: 0.2547 MRR@20: 0.0896 NDCG@20: 0.1309 
i<=10 Recall@5: 0.1241 MRR@5: 0.0776 NDCG@5: 0.087 Recall@10: 0.1776 MRR@10: 0.0843 NDCG@10: 0.1088 Recall@20: 0.2545 MRR@20: 0.0895 NDCG@20: 0.1309 
i<=11 Recall@5: 0.1242 MRR@5: 0.0777 NDCG@5: 0.0866 Recall@10: 0.1776 MRR@10: 0.0845 NDCG@10: 0.1088 Recall@20: 0.2543 MRR@20: 0.0897 NDCG@20: 0.1309 
i<=12 Recall@5: 0.124 MRR@5: 0.0776 NDCG@5: 0.0862 Recall@10: 0.1774 MRR@10: 0.0843 NDCG@10: 0.1086 Recall@20: 0.2538 MRR@20: 0.0895 NDCG@20: 0.1307 
i<=13 Recall@5: 0.1239 MRR@5: 0.0775 NDCG@5: 0.086 Recall@10: 0.1773 MRR@10: 0.0842 NDCG@10: 0.1085 Recall@20: 0.2536 MRR@20: 0.0894 NDCG@20: 0.1306 
i<=14 Recall@5: 0.1237 MRR@5: 0.0774 NDCG@5: 0.0858 Recall@10: 0.1773 MRR@10: 0.0841 NDCG@10: 0.1084 Recall@20: 0.2535 MRR@20: 0.0893 NDCG@20: 0.1305 
i<=15 Recall@5: 0.1237 MRR@5: 0.0774 NDCG@5: 0.0858 Recall@10: 0.1773 MRR@10: 0.0841 NDCG@10: 0.1084 Recall@20: 0.2535 MRR@20: 0.0893 NDCG@20: 0.1305 
i<=16 Recall@5: 0.1237 MRR@5: 0.0774 NDCG@5: 0.0858 Recall@10: 0.1773 MRR@10: 0.0841 NDCG@10: 0.1084 Recall@20: 0.2535 MRR@20: 0.0893 NDCG@20: 0.1305 
i<=17 Recall@5: 0.1237 MRR@5: 0.0774 NDCG@5: 0.0858 Recall@10: 0.1773 MRR@10: 0.0841 NDCG@10: 0.1084 Recall@20: 0.2535 MRR@20: 0.0893 NDCG@20: 0.1305 
i<=18 Recall@5: 0.1237 MRR@5: 0.0774 NDCG@5: 0.0858 Recall@10: 0.1773 MRR@10: 0.0841 NDCG@10: 0.1084 Recall@20: 0.2535 MRR@20: 0.0893 NDCG@20: 0.1305 
i<=19 Recall@5: 0.1237 MRR@5: 0.0774 NDCG@5: 0.0858 Recall@10: 0.1773 MRR@10: 0.0841 NDCG@10: 0.1084 Recall@20: 0.2535 MRR@20: 0.0893 NDCG@20: 0.1305 

INFO:root:2022-11-11 15:24:06.987335
	Epoch #: 2
	Epoch loss: 92.98400101065636


i<=1 Recall@5: 0.2364 MRR@5: 0.1895 NDCG@5: 0.2012 Recall@10: 0.2641 MRR@10: 0.1933 NDCG@10: 0.2105 Recall@20: 0.3337 MRR@20: 0.1981 NDCG@20: 0.2285 
i<=2 Recall@5: 0.2463 MRR@5: 0.1966 NDCG@5: 0.2096 Recall@10: 0.2746 MRR@10: 0.2004 NDCG@10: 0.2196 Recall@20: 0.3436 MRR@20: 0.2052 NDCG@20: 0.2384 
i<=3 Recall@5: 0.2334 MRR@5: 0.1854 NDCG@5: 0.1982 Recall@10: 0.263 MRR@10: 0.1894 NDCG@10: 0.2091 Recall@20: 0.3306 MRR@20: 0.1941 NDCG@20: 0.2281 
i<=4 Recall@5: 0.2243 MRR@5: 0.1776 NDCG@5: 0.1904 Recall@10: 0.2544 MRR@10: 0.1817 NDCG@10: 0.2016 Recall@20: 0.3216 MRR@20: 0.1863 NDCG@20: 0.2207 
i<=5 Recall@5: 0.2194 MRR@5: 0.1733 NDCG@5: 0.186 Recall@10: 0.2496 MRR@10: 0.1774 NDCG@10: 0.1975 Recall@20: 0.3168 MRR@20: 0.182 NDCG@20: 0.2165 
i<=6 Recall@5: 0.2163 MRR@5: 0.1704 NDCG@5: 0.1825 Recall@10: 0.2466 MRR@10: 0.1745 NDCG@10: 0.1945 Recall@20: 0.3141 MRR@20: 0.1791 NDCG@20: 0.214 
i<=7 Recall@5: 0.2137 MRR@5: 0.1681 NDCG@5: 0.1789 Recall@10: 0.2439 MRR@10: 0.1721 NDCG@10: 0.1922 Recall@20: 0.3111 MRR@20: 0.1768 NDCG@20: 0.2117 
i<=8 Recall@5: 0.2117 MRR@5: 0.1663 NDCG@5: 0.1761 Recall@10: 0.2422 MRR@10: 0.1704 NDCG@10: 0.1906 Recall@20: 0.3097 MRR@20: 0.175 NDCG@20: 0.2104 
i<=9 Recall@5: 0.2105 MRR@5: 0.1651 NDCG@5: 0.1743 Recall@10: 0.2411 MRR@10: 0.1692 NDCG@10: 0.1896 Recall@20: 0.3084 MRR@20: 0.1738 NDCG@20: 0.2093 
i<=10 Recall@5: 0.21 MRR@5: 0.1646 NDCG@5: 0.173 Recall@10: 0.2406 MRR@10: 0.1687 NDCG@10: 0.189 Recall@20: 0.3079 MRR@20: 0.1733 NDCG@20: 0.2087 
i<=11 Recall@5: 0.2097 MRR@5: 0.1645 NDCG@5: 0.1719 Recall@10: 0.2404 MRR@10: 0.1686 NDCG@10: 0.1886 Recall@20: 0.3074 MRR@20: 0.1732 NDCG@20: 0.2083 
i<=12 Recall@5: 0.2091 MRR@5: 0.164 NDCG@5: 0.1712 Recall@10: 0.2399 MRR@10: 0.1681 NDCG@10: 0.1881 Recall@20: 0.3066 MRR@20: 0.1727 NDCG@20: 0.2078 
i<=13 Recall@5: 0.2088 MRR@5: 0.1638 NDCG@5: 0.1707 Recall@10: 0.2396 MRR@10: 0.1679 NDCG@10: 0.1877 Recall@20: 0.3064 MRR@20: 0.1724 NDCG@20: 0.2076 
i<=14 Recall@5: 0.2084 MRR@5: 0.1635 NDCG@5: 0.1704 Recall@10: 0.2395 MRR@10: 0.1676 NDCG@10: 0.1875 Recall@20: 0.3063 MRR@20: 0.1722 NDCG@20: 0.2074 
i<=15 Recall@5: 0.2084 MRR@5: 0.1635 NDCG@5: 0.1704 Recall@10: 0.2395 MRR@10: 0.1676 NDCG@10: 0.1875 Recall@20: 0.3063 MRR@20: 0.1722 NDCG@20: 0.2074 
i<=16 Recall@5: 0.2084 MRR@5: 0.1635 NDCG@5: 0.1704 Recall@10: 0.2395 MRR@10: 0.1676 NDCG@10: 0.1875 Recall@20: 0.3063 MRR@20: 0.1722 NDCG@20: 0.2074 
i<=17 Recall@5: 0.2084 MRR@5: 0.1635 NDCG@5: 0.1704 Recall@10: 0.2395 MRR@10: 0.1676 NDCG@10: 0.1875 Recall@20: 0.3063 MRR@20: 0.1722 NDCG@20: 0.2074 
i<=18 Recall@5: 0.2084 MRR@5: 0.1635 NDCG@5: 0.1704 Recall@10: 0.2395 MRR@10: 0.1676 NDCG@10: 0.1875 Recall@20: 0.3063 MRR@20: 0.1722 NDCG@20: 0.2074 
i<=19 Recall@5: 0.2084 MRR@5: 0.1635 NDCG@5: 0.1704 Recall@10: 0.2395 MRR@10: 0.1676 NDCG@10: 0.1875 Recall@20: 0.3063 MRR@20: 0.1722 NDCG@20: 0.2074 

INFO:root:2022-11-11 15:24:21.974462
	Epoch #: 3
	Epoch loss: 84.84603571891785


i<=1 Recall@5: 0.2959 MRR@5: 0.2575 NDCG@5: 0.2672 Recall@10: 0.3266 MRR@10: 0.2617 NDCG@10: 0.2771 Recall@20: 0.396 MRR@20: 0.2664 NDCG@20: 0.2946 
i<=2 Recall@5: 0.3004 MRR@5: 0.2628 NDCG@5: 0.2728 Recall@10: 0.332 MRR@10: 0.267 NDCG@10: 0.2836 Recall@20: 0.396 MRR@20: 0.2714 NDCG@20: 0.3015 
i<=3 Recall@5: 0.2837 MRR@5: 0.2472 NDCG@5: 0.2573 Recall@10: 0.3151 MRR@10: 0.2513 NDCG@10: 0.2684 Recall@20: 0.3782 MRR@20: 0.2557 NDCG@20: 0.2865 
i<=4 Recall@5: 0.2713 MRR@5: 0.2357 NDCG@5: 0.2457 Recall@10: 0.3038 MRR@10: 0.2399 NDCG@10: 0.2574 Recall@20: 0.3672 MRR@20: 0.2443 NDCG@20: 0.2762 
i<=5 Recall@5: 0.2644 MRR@5: 0.2292 NDCG@5: 0.2392 Recall@10: 0.2971 MRR@10: 0.2335 NDCG@10: 0.251 Recall@20: 0.361 MRR@20: 0.2379 NDCG@20: 0.27 
i<=6 Recall@5: 0.2604 MRR@5: 0.2252 NDCG@5: 0.2348 Recall@10: 0.2934 MRR@10: 0.2295 NDCG@10: 0.2472 Recall@20: 0.3565 MRR@20: 0.2338 NDCG@20: 0.2661 
i<=7 Recall@5: 0.2569 MRR@5: 0.2219 NDCG@5: 0.2302 Recall@10: 0.2899 MRR@10: 0.2262 NDCG@10: 0.244 Recall@20: 0.3532 MRR@20: 0.2305 NDCG@20: 0.2631 
i<=8 Recall@5: 0.2549 MRR@5: 0.2195 NDCG@5: 0.2268 Recall@10: 0.2879 MRR@10: 0.2238 NDCG@10: 0.2419 Recall@20: 0.351 MRR@20: 0.2281 NDCG@20: 0.261 
i<=9 Recall@5: 0.2535 MRR@5: 0.2179 NDCG@5: 0.2243 Recall@10: 0.2865 MRR@10: 0.2222 NDCG@10: 0.2405 Recall@20: 0.3496 MRR@20: 0.2265 NDCG@20: 0.2596 
i<=10 Recall@5: 0.2529 MRR@5: 0.2171 NDCG@5: 0.2225 Recall@10: 0.2858 MRR@10: 0.2214 NDCG@10: 0.2396 Recall@20: 0.3488 MRR@20: 0.2257 NDCG@20: 0.2587 
i<=11 Recall@5: 0.2525 MRR@5: 0.2168 NDCG@5: 0.2211 Recall@10: 0.2853 MRR@10: 0.2211 NDCG@10: 0.239 Recall@20: 0.3483 MRR@20: 0.2254 NDCG@20: 0.2582 
i<=12 Recall@5: 0.2516 MRR@5: 0.216 NDCG@5: 0.2201 Recall@10: 0.2847 MRR@10: 0.2203 NDCG@10: 0.2382 Recall@20: 0.3475 MRR@20: 0.2246 NDCG@20: 0.2575 
i<=13 Recall@5: 0.2512 MRR@5: 0.2156 NDCG@5: 0.2194 Recall@10: 0.2843 MRR@10: 0.2199 NDCG@10: 0.2376 Recall@20: 0.3473 MRR@20: 0.2242 NDCG@20: 0.2572 
i<=14 Recall@5: 0.2508 MRR@5: 0.2153 NDCG@5: 0.219 Recall@10: 0.2841 MRR@10: 0.2196 NDCG@10: 0.2373 Recall@20: 0.347 MRR@20: 0.2239 NDCG@20: 0.2569 
i<=15 Recall@5: 0.2508 MRR@5: 0.2153 NDCG@5: 0.219 Recall@10: 0.2841 MRR@10: 0.2196 NDCG@10: 0.2373 Recall@20: 0.347 MRR@20: 0.2239 NDCG@20: 0.2569 
i<=16 Recall@5: 0.2508 MRR@5: 0.2153 NDCG@5: 0.219 Recall@10: 0.2841 MRR@10: 0.2196 NDCG@10: 0.2373 Recall@20: 0.347 MRR@20: 0.2239 NDCG@20: 0.2569 
i<=17 Recall@5: 0.2508 MRR@5: 0.2153 NDCG@5: 0.219 Recall@10: 0.2841 MRR@10: 0.2196 NDCG@10: 0.2373 Recall@20: 0.347 MRR@20: 0.2239 NDCG@20: 0.2569 
i<=18 Recall@5: 0.2508 MRR@5: 0.2153 NDCG@5: 0.219 Recall@10: 0.2841 MRR@10: 0.2196 NDCG@10: 0.2373 Recall@20: 0.347 MRR@20: 0.2239 NDCG@20: 0.2569 
i<=19 Recall@5: 0.2508 MRR@5: 0.2153 NDCG@5: 0.219 Recall@10: 0.2841 MRR@10: 0.2196 NDCG@10: 0.2373 Recall@20: 0.347 MRR@20: 0.2239 NDCG@20: 0.2569 

INFO:root:2022-11-11 15:24:38.403694
	Epoch #: 4
	Epoch loss: 79.9431823194027


i<=1 Recall@5: 0.3478 MRR@5: 0.3106 NDCG@5: 0.3198 Recall@10: 0.3934 MRR@10: 0.3168 NDCG@10: 0.3348 Recall@20: 0.4405 MRR@20: 0.32 NDCG@20: 0.3464 
i<=2 Recall@5: 0.345 MRR@5: 0.309 NDCG@5: 0.3186 Recall@10: 0.3885 MRR@10: 0.3149 NDCG@10: 0.3338 Recall@20: 0.4356 MRR@20: 0.3181 NDCG@20: 0.3471 
i<=3 Recall@5: 0.3242 MRR@5: 0.2892 NDCG@5: 0.299 Recall@10: 0.3662 MRR@10: 0.2949 NDCG@10: 0.314 Recall@20: 0.4133 MRR@20: 0.2981 NDCG@20: 0.3279 
i<=4 Recall@5: 0.3104 MRR@5: 0.2757 NDCG@5: 0.2857 Recall@10: 0.3523 MRR@10: 0.2814 NDCG@10: 0.3009 Recall@20: 0.4 MRR@20: 0.2847 NDCG@20: 0.3157 
i<=5 Recall@5: 0.3028 MRR@5: 0.2681 NDCG@5: 0.2782 Recall@10: 0.3445 MRR@10: 0.2737 NDCG@10: 0.2933 Recall@20: 0.3922 MRR@20: 0.277 NDCG@20: 0.3082 
i<=6 Recall@5: 0.2979 MRR@5: 0.2634 NDCG@5: 0.273 Recall@10: 0.34 MRR@10: 0.2691 NDCG@10: 0.289 Recall@20: 0.3875 MRR@20: 0.2723 NDCG@20: 0.3037 
i<=7 Recall@5: 0.294 MRR@5: 0.2598 NDCG@5: 0.2676 Recall@10: 0.336 MRR@10: 0.2654 NDCG@10: 0.2853 Recall@20: 0.3837 MRR@20: 0.2687 NDCG@20: 0.3003 
i<=8 Recall@5: 0.2913 MRR@5: 0.257 NDCG@5: 0.2635 Recall@10: 0.3333 MRR@10: 0.2627 NDCG@10: 0.2828 Recall@20: 0.3808 MRR@20: 0.2659 NDCG@20: 0.2977 
i<=9 Recall@5: 0.2894 MRR@5: 0.2553 NDCG@5: 0.2605 Recall@10: 0.3318 MRR@10: 0.261 NDCG@10: 0.2814 Recall@20: 0.3794 MRR@20: 0.2642 NDCG@20: 0.2962 
i<=10 Recall@5: 0.2884 MRR@5: 0.2542 NDCG@5: 0.2584 Recall@10: 0.331 MRR@10: 0.2599 NDCG@10: 0.2804 Recall@20: 0.3784 MRR@20: 0.2632 NDCG@20: 0.2952 
i<=11 Recall@5: 0.2878 MRR@5: 0.2537 NDCG@5: 0.2567 Recall@10: 0.3301 MRR@10: 0.2594 NDCG@10: 0.2796 Recall@20: 0.3774 MRR@20: 0.2626 NDCG@20: 0.2944 
i<=12 Recall@5: 0.2869 MRR@5: 0.2528 NDCG@5: 0.2556 Recall@10: 0.3292 MRR@10: 0.2584 NDCG@10: 0.2786 Recall@20: 0.3768 MRR@20: 0.2617 NDCG@20: 0.2937 
i<=13 Recall@5: 0.2865 MRR@5: 0.2523 NDCG@5: 0.2548 Recall@10: 0.3287 MRR@10: 0.258 NDCG@10: 0.2779 Recall@20: 0.3766 MRR@20: 0.2612 NDCG@20: 0.2933 
i<=14 Recall@5: 0.2861 MRR@5: 0.2519 NDCG@5: 0.2544 Recall@10: 0.3283 MRR@10: 0.2576 NDCG@10: 0.2774 Recall@20: 0.3762 MRR@20: 0.2608 NDCG@20: 0.293 
i<=15 Recall@5: 0.2861 MRR@5: 0.2519 NDCG@5: 0.2544 Recall@10: 0.3283 MRR@10: 0.2576 NDCG@10: 0.2774 Recall@20: 0.3762 MRR@20: 0.2608 NDCG@20: 0.293 
i<=16 Recall@5: 0.2861 MRR@5: 0.2519 NDCG@5: 0.2544 Recall@10: 0.3283 MRR@10: 0.2576 NDCG@10: 0.2774 Recall@20: 0.3762 MRR@20: 0.2608 NDCG@20: 0.293 
i<=17 Recall@5: 0.2861 MRR@5: 0.2519 NDCG@5: 0.2544 Recall@10: 0.3283 MRR@10: 0.2576 NDCG@10: 0.2774 Recall@20: 0.3762 MRR@20: 0.2608 NDCG@20: 0.293 
i<=18 Recall@5: 0.2861 MRR@5: 0.2519 NDCG@5: 0.2544 Recall@10: 0.3283 MRR@10: 0.2576 NDCG@10: 0.2774 Recall@20: 0.3762 MRR@20: 0.2608 NDCG@20: 0.293 
i<=19 Recall@5: 0.2861 MRR@5: 0.2519 NDCG@5: 0.2544 Recall@10: 0.3283 MRR@10: 0.2576 NDCG@10: 0.2774 Recall@20: 0.3762 MRR@20: 0.2608 NDCG@20: 0.293 

INFO:root:2022-11-11 15:24:53.885855
	Epoch #: 5
	Epoch loss: 76.42912046611309


i<=1 Recall@5: 0.393 MRR@5: 0.3594 NDCG@5: 0.3677 Recall@10: 0.4422 MRR@10: 0.3659 NDCG@10: 0.3836 Recall@20: 0.4795 MRR@20: 0.3686 NDCG@20: 0.3924 
i<=2 Recall@5: 0.3848 MRR@5: 0.352 NDCG@5: 0.3611 Recall@10: 0.4307 MRR@10: 0.3581 NDCG@10: 0.3769 Recall@20: 0.4672 MRR@20: 0.3606 NDCG@20: 0.3876 
i<=3 Recall@5: 0.3606 MRR@5: 0.3285 NDCG@5: 0.338 Recall@10: 0.4052 MRR@10: 0.3343 NDCG@10: 0.3537 Recall@20: 0.4425 MRR@20: 0.3369 NDCG@20: 0.3652 
i<=4 Recall@5: 0.3453 MRR@5: 0.3132 NDCG@5: 0.3229 Recall@10: 0.3889 MRR@10: 0.3189 NDCG@10: 0.3387 Recall@20: 0.4277 MRR@20: 0.3216 NDCG@20: 0.3512 
i<=5 Recall@5: 0.3361 MRR@5: 0.3042 NDCG@5: 0.314 Recall@10: 0.3798 MRR@10: 0.3099 NDCG@10: 0.3298 Recall@20: 0.4195 MRR@20: 0.3127 NDCG@20: 0.3429 
i<=6 Recall@5: 0.3303 MRR@5: 0.2987 NDCG@5: 0.308 Recall@10: 0.3746 MRR@10: 0.3045 NDCG@10: 0.3248 Recall@20: 0.4143 MRR@20: 0.3073 NDCG@20: 0.3378 
i<=7 Recall@5: 0.326 MRR@5: 0.2944 NDCG@5: 0.3019 Recall@10: 0.3703 MRR@10: 0.3002 NDCG@10: 0.3207 Recall@20: 0.4101 MRR@20: 0.303 NDCG@20: 0.3339 
i<=8 Recall@5: 0.3227 MRR@5: 0.2912 NDCG@5: 0.2972 Recall@10: 0.3671 MRR@10: 0.297 NDCG@10: 0.3177 Recall@20: 0.4068 MRR@20: 0.2998 NDCG@20: 0.3308 
i<=9 Recall@5: 0.321 MRR@5: 0.2893 NDCG@5: 0.2938 Recall@10: 0.3652 MRR@10: 0.2951 NDCG@10: 0.3159 Recall@20: 0.4051 MRR@20: 0.2978 NDCG@20: 0.329 
i<=10 Recall@5: 0.3199 MRR@5: 0.288 NDCG@5: 0.2914 Recall@10: 0.3639 MRR@10: 0.2937 NDCG@10: 0.3146 Recall@20: 0.4039 MRR@20: 0.2965 NDCG@20: 0.3278 
i<=11 Recall@5: 0.3192 MRR@5: 0.2873 NDCG@5: 0.2896 Recall@10: 0.3631 MRR@10: 0.293 NDCG@10: 0.3137 Recall@20: 0.403 MRR@20: 0.2958 NDCG@20: 0.327 
i<=12 Recall@5: 0.3183 MRR@5: 0.2862 NDCG@5: 0.2884 Recall@10: 0.3623 MRR@10: 0.292 NDCG@10: 0.3127 Recall@20: 0.4022 MRR@20: 0.2948 NDCG@20: 0.3262 
i<=13 Recall@5: 0.3178 MRR@5: 0.2857 NDCG@5: 0.2875 Recall@10: 0.3618 MRR@10: 0.2915 NDCG@10: 0.3119 Recall@20: 0.4017 MRR@20: 0.2942 NDCG@20: 0.3257 
i<=14 Recall@5: 0.3173 MRR@5: 0.2853 NDCG@5: 0.287 Recall@10: 0.3614 MRR@10: 0.291 NDCG@10: 0.3114 Recall@20: 0.4012 MRR@20: 0.2938 NDCG@20: 0.3252 
i<=15 Recall@5: 0.3173 MRR@5: 0.2853 NDCG@5: 0.287 Recall@10: 0.3614 MRR@10: 0.291 NDCG@10: 0.3114 Recall@20: 0.4012 MRR@20: 0.2938 NDCG@20: 0.3252 
i<=16 Recall@5: 0.3173 MRR@5: 0.2853 NDCG@5: 0.287 Recall@10: 0.3614 MRR@10: 0.291 NDCG@10: 0.3114 Recall@20: 0.4012 MRR@20: 0.2938 NDCG@20: 0.3252 
i<=17 Recall@5: 0.3173 MRR@5: 0.2853 NDCG@5: 0.287 Recall@10: 0.3614 MRR@10: 0.291 NDCG@10: 0.3114 Recall@20: 0.4012 MRR@20: 0.2938 NDCG@20: 0.3252 
i<=18 Recall@5: 0.3173 MRR@5: 0.2853 NDCG@5: 0.287 Recall@10: 0.3614 MRR@10: 0.291 NDCG@10: 0.3114 Recall@20: 0.4012 MRR@20: 0.2938 NDCG@20: 0.3252 
i<=19 Recall@5: 0.3173 MRR@5: 0.2853 NDCG@5: 0.287 Recall@10: 0.3614 MRR@10: 0.291 NDCG@10: 0.3114 Recall@20: 0.4012 MRR@20: 0.2938 NDCG@20: 0.3252 

INFO:root:2022-11-11 15:25:09.357017
	Epoch #: 6
	Epoch loss: 73.69322267174721


i<=1 Recall@5: 0.4389 MRR@5: 0.3955 NDCG@5: 0.4063 Recall@10: 0.4628 MRR@10: 0.3986 NDCG@10: 0.4137 Recall@20: 0.4933 MRR@20: 0.4008 NDCG@20: 0.4208 
i<=2 Recall@5: 0.423 MRR@5: 0.3862 NDCG@5: 0.3963 Recall@10: 0.4462 MRR@10: 0.3892 NDCG@10: 0.4047 Recall@20: 0.4788 MRR@20: 0.3915 NDCG@20: 0.4143 
i<=3 Recall@5: 0.3959 MRR@5: 0.3597 NDCG@5: 0.3703 Recall@10: 0.4197 MRR@10: 0.3628 NDCG@10: 0.3794 Recall@20: 0.4528 MRR@20: 0.3651 NDCG@20: 0.3897 
i<=4 Recall@5: 0.379 MRR@5: 0.3431 NDCG@5: 0.354 Recall@10: 0.4032 MRR@10: 0.3463 NDCG@10: 0.3636 Recall@20: 0.4377 MRR@20: 0.3487 NDCG@20: 0.3747 
i<=5 Recall@5: 0.3691 MRR@5: 0.3335 NDCG@5: 0.3443 Recall@10: 0.3937 MRR@10: 0.3367 NDCG@10: 0.3541 Recall@20: 0.4293 MRR@20: 0.3392 NDCG@20: 0.3658 
i<=6 Recall@5: 0.3629 MRR@5: 0.3273 NDCG@5: 0.3378 Recall@10: 0.3882 MRR@10: 0.3307 NDCG@10: 0.3484 Recall@20: 0.4241 MRR@20: 0.3331 NDCG@20: 0.3602 
i<=7 Recall@5: 0.3579 MRR@5: 0.3226 NDCG@5: 0.331 Recall@10: 0.3833 MRR@10: 0.326 NDCG@10: 0.3439 Recall@20: 0.4197 MRR@20: 0.3285 NDCG@20: 0.3559 
i<=8 Recall@5: 0.3544 MRR@5: 0.3191 NDCG@5: 0.3258 Recall@10: 0.3799 MRR@10: 0.3225 NDCG@10: 0.3405 Recall@20: 0.4162 MRR@20: 0.325 NDCG@20: 0.3526 
i<=9 Recall@5: 0.3523 MRR@5: 0.3171 NDCG@5: 0.322 Recall@10: 0.3779 MRR@10: 0.3205 NDCG@10: 0.3386 Recall@20: 0.4143 MRR@20: 0.323 NDCG@20: 0.3507 
i<=10 Recall@5: 0.3509 MRR@5: 0.3156 NDCG@5: 0.3194 Recall@10: 0.3766 MRR@10: 0.319 NDCG@10: 0.3372 Recall@20: 0.4131 MRR@20: 0.3215 NDCG@20: 0.3494 
i<=11 Recall@5: 0.3502 MRR@5: 0.3148 NDCG@5: 0.3174 Recall@10: 0.3757 MRR@10: 0.3182 NDCG@10: 0.3362 Recall@20: 0.4121 MRR@20: 0.3207 NDCG@20: 0.3485 
i<=12 Recall@5: 0.3493 MRR@5: 0.3137 NDCG@5: 0.3161 Recall@10: 0.3749 MRR@10: 0.3171 NDCG@10: 0.3352 Recall@20: 0.4114 MRR@20: 0.3196 NDCG@20: 0.3477 
i<=13 Recall@5: 0.3487 MRR@5: 0.3131 NDCG@5: 0.3151 Recall@10: 0.3744 MRR@10: 0.3165 NDCG@10: 0.3343 Recall@20: 0.4108 MRR@20: 0.319 NDCG@20: 0.3471 
i<=14 Recall@5: 0.3482 MRR@5: 0.3126 NDCG@5: 0.3146 Recall@10: 0.3739 MRR@10: 0.3161 NDCG@10: 0.3338 Recall@20: 0.4104 MRR@20: 0.3186 NDCG@20: 0.3468 
i<=15 Recall@5: 0.3482 MRR@5: 0.3126 NDCG@5: 0.3146 Recall@10: 0.3739 MRR@10: 0.3161 NDCG@10: 0.3338 Recall@20: 0.4104 MRR@20: 0.3186 NDCG@20: 0.3468 
i<=16 Recall@5: 0.3482 MRR@5: 0.3126 NDCG@5: 0.3146 Recall@10: 0.3739 MRR@10: 0.3161 NDCG@10: 0.3338 Recall@20: 0.4104 MRR@20: 0.3186 NDCG@20: 0.3468 
i<=17 Recall@5: 0.3482 MRR@5: 0.3126 NDCG@5: 0.3146 Recall@10: 0.3739 MRR@10: 0.3161 NDCG@10: 0.3338 Recall@20: 0.4104 MRR@20: 0.3186 NDCG@20: 0.3468 
i<=18 Recall@5: 0.3482 MRR@5: 0.3126 NDCG@5: 0.3146 Recall@10: 0.3739 MRR@10: 0.3161 NDCG@10: 0.3338 Recall@20: 0.4104 MRR@20: 0.3186 NDCG@20: 0.3468 
i<=19 Recall@5: 0.3482 MRR@5: 0.3126 NDCG@5: 0.3146 Recall@10: 0.3739 MRR@10: 0.3161 NDCG@10: 0.3338 Recall@20: 0.4104 MRR@20: 0.3186 NDCG@20: 0.3468 

INFO:root:2022-11-11 15:25:25.602237
	Epoch #: 7
	Epoch loss: 71.23374918103218


i<=1 Recall@5: 0.4544 MRR@5: 0.4283 NDCG@5: 0.4346 Recall@10: 0.4803 MRR@10: 0.4316 NDCG@10: 0.4426 Recall@20: 0.5093 MRR@20: 0.4336 NDCG@20: 0.4491 
i<=2 Recall@5: 0.4366 MRR@5: 0.4116 NDCG@5: 0.419 Recall@10: 0.4604 MRR@10: 0.4146 NDCG@10: 0.4275 Recall@20: 0.4904 MRR@20: 0.4167 NDCG@20: 0.436 
i<=3 Recall@5: 0.4089 MRR@5: 0.3834 NDCG@5: 0.3917 Recall@10: 0.4324 MRR@10: 0.3865 NDCG@10: 0.4007 Recall@20: 0.4627 MRR@20: 0.3885 NDCG@20: 0.4096 
i<=4 Recall@5: 0.3918 MRR@5: 0.3658 NDCG@5: 0.3746 Recall@10: 0.4158 MRR@10: 0.3689 NDCG@10: 0.3842 Recall@20: 0.4473 MRR@20: 0.3711 NDCG@20: 0.3939 
i<=5 Recall@5: 0.3817 MRR@5: 0.3555 NDCG@5: 0.3644 Recall@10: 0.4059 MRR@10: 0.3587 NDCG@10: 0.374 Recall@20: 0.4385 MRR@20: 0.3609 NDCG@20: 0.3844 
i<=6 Recall@5: 0.3755 MRR@5: 0.3489 NDCG@5: 0.3575 Recall@10: 0.4002 MRR@10: 0.3521 NDCG@10: 0.368 Recall@20: 0.4334 MRR@20: 0.3544 NDCG@20: 0.3785 
i<=7 Recall@5: 0.3701 MRR@5: 0.3438 NDCG@5: 0.3503 Recall@10: 0.3951 MRR@10: 0.3471 NDCG@10: 0.3632 Recall@20: 0.4286 MRR@20: 0.3494 NDCG@20: 0.3738 
i<=8 Recall@5: 0.3666 MRR@5: 0.3401 NDCG@5: 0.3448 Recall@10: 0.3915 MRR@10: 0.3433 NDCG@10: 0.3595 Recall@20: 0.4252 MRR@20: 0.3456 NDCG@20: 0.3704 
i<=9 Recall@5: 0.3643 MRR@5: 0.3378 NDCG@5: 0.3408 Recall@10: 0.3893 MRR@10: 0.3411 NDCG@10: 0.3574 Recall@20: 0.4235 MRR@20: 0.3434 NDCG@20: 0.3684 
i<=10 Recall@5: 0.3628 MRR@5: 0.3362 NDCG@5: 0.338 Recall@10: 0.3878 MRR@10: 0.3395 NDCG@10: 0.3559 Recall@20: 0.422 MRR@20: 0.3418 NDCG@20: 0.3669 
i<=11 Recall@5: 0.3621 MRR@5: 0.3354 NDCG@5: 0.3359 Recall@10: 0.3869 MRR@10: 0.3386 NDCG@10: 0.3549 Recall@20: 0.421 MRR@20: 0.341 NDCG@20: 0.3661 
i<=12 Recall@5: 0.3611 MRR@5: 0.3343 NDCG@5: 0.3344 Recall@10: 0.3861 MRR@10: 0.3376 NDCG@10: 0.3538 Recall@20: 0.4202 MRR@20: 0.3399 NDCG@20: 0.3652 
i<=13 Recall@5: 0.3605 MRR@5: 0.3337 NDCG@5: 0.3334 Recall@10: 0.3855 MRR@10: 0.337 NDCG@10: 0.3529 Recall@20: 0.4196 MRR@20: 0.3393 NDCG@20: 0.3646 
i<=14 Recall@5: 0.3599 MRR@5: 0.3332 NDCG@5: 0.3328 Recall@10: 0.385 MRR@10: 0.3365 NDCG@10: 0.3523 Recall@20: 0.4192 MRR@20: 0.3388 NDCG@20: 0.3642 
i<=15 Recall@5: 0.3599 MRR@5: 0.3332 NDCG@5: 0.3328 Recall@10: 0.385 MRR@10: 0.3365 NDCG@10: 0.3523 Recall@20: 0.4192 MRR@20: 0.3388 NDCG@20: 0.3642 
i<=16 Recall@5: 0.3599 MRR@5: 0.3332 NDCG@5: 0.3328 Recall@10: 0.385 MRR@10: 0.3365 NDCG@10: 0.3523 Recall@20: 0.4192 MRR@20: 0.3388 NDCG@20: 0.3642 
i<=17 Recall@5: 0.3599 MRR@5: 0.3332 NDCG@5: 0.3328 Recall@10: 0.385 MRR@10: 0.3365 NDCG@10: 0.3523 Recall@20: 0.4192 MRR@20: 0.3388 NDCG@20: 0.3642 
i<=18 Recall@5: 0.3599 MRR@5: 0.3332 NDCG@5: 0.3328 Recall@10: 0.385 MRR@10: 0.3365 NDCG@10: 0.3523 Recall@20: 0.4192 MRR@20: 0.3388 NDCG@20: 0.3642 
i<=19 Recall@5: 0.3599 MRR@5: 0.3332 NDCG@5: 0.3328 Recall@10: 0.385 MRR@10: 0.3365 NDCG@10: 0.3523 Recall@20: 0.4192 MRR@20: 0.3388 NDCG@20: 0.3642 

INFO:root:2022-11-11 15:25:41.531432
	Epoch #: 8
	Epoch loss: 69.13758338987827


i<=1 Recall@5: 0.4668 MRR@5: 0.4464 NDCG@5: 0.4512 Recall@10: 0.492 MRR@10: 0.4498 NDCG@10: 0.4593 Recall@20: 0.5167 MRR@20: 0.4515 NDCG@20: 0.4644 
i<=2 Recall@5: 0.4462 MRR@5: 0.4261 NDCG@5: 0.4323 Recall@10: 0.4707 MRR@10: 0.4294 NDCG@10: 0.4416 Recall@20: 0.4982 MRR@20: 0.4313 NDCG@20: 0.4495 
i<=3 Recall@5: 0.4176 MRR@5: 0.3969 NDCG@5: 0.404 Recall@10: 0.4414 MRR@10: 0.4001 NDCG@10: 0.4133 Recall@20: 0.4703 MRR@20: 0.402 NDCG@20: 0.4221 
i<=4 Recall@5: 0.4002 MRR@5: 0.3788 NDCG@5: 0.3865 Recall@10: 0.4248 MRR@10: 0.3822 NDCG@10: 0.3966 Recall@20: 0.4543 MRR@20: 0.3842 NDCG@20: 0.406 
i<=5 Recall@5: 0.3899 MRR@5: 0.3683 NDCG@5: 0.3761 Recall@10: 0.4149 MRR@10: 0.3716 NDCG@10: 0.3863 Recall@20: 0.4458 MRR@20: 0.3737 NDCG@20: 0.3964 
i<=6 Recall@5: 0.3841 MRR@5: 0.3616 NDCG@5: 0.3693 Recall@10: 0.4093 MRR@10: 0.365 NDCG@10: 0.3802 Recall@20: 0.4406 MRR@20: 0.3671 NDCG@20: 0.3905 
i<=7 Recall@5: 0.3787 MRR@5: 0.3562 NDCG@5: 0.3618 Recall@10: 0.4041 MRR@10: 0.3596 NDCG@10: 0.3751 Recall@20: 0.4358 MRR@20: 0.3618 NDCG@20: 0.3855 
i<=8 Recall@5: 0.3749 MRR@5: 0.3524 NDCG@5: 0.3561 Recall@10: 0.4003 MRR@10: 0.3558 NDCG@10: 0.3714 Recall@20: 0.4322 MRR@20: 0.3579 NDCG@20: 0.382 
i<=9 Recall@5: 0.3726 MRR@5: 0.3501 NDCG@5: 0.352 Recall@10: 0.3983 MRR@10: 0.3535 NDCG@10: 0.3694 Recall@20: 0.4305 MRR@20: 0.3557 NDCG@20: 0.38 
i<=10 Recall@5: 0.3711 MRR@5: 0.3484 NDCG@5: 0.3492 Recall@10: 0.3967 MRR@10: 0.3519 NDCG@10: 0.3678 Recall@20: 0.429 MRR@20: 0.354 NDCG@20: 0.3784 
i<=11 Recall@5: 0.3702 MRR@5: 0.3476 NDCG@5: 0.347 Recall@10: 0.3957 MRR@10: 0.351 NDCG@10: 0.3668 Recall@20: 0.428 MRR@20: 0.3532 NDCG@20: 0.3775 
i<=12 Recall@5: 0.3691 MRR@5: 0.3465 NDCG@5: 0.3455 Recall@10: 0.3949 MRR@10: 0.3499 NDCG@10: 0.3656 Recall@20: 0.4271 MRR@20: 0.3521 NDCG@20: 0.3767 
i<=13 Recall@5: 0.3686 MRR@5: 0.3459 NDCG@5: 0.3444 Recall@10: 0.3943 MRR@10: 0.3493 NDCG@10: 0.3646 Recall@20: 0.4265 MRR@20: 0.3515 NDCG@20: 0.376 
i<=14 Recall@5: 0.368 MRR@5: 0.3453 NDCG@5: 0.3438 Recall@10: 0.3937 MRR@10: 0.3488 NDCG@10: 0.364 Recall@20: 0.426 MRR@20: 0.351 NDCG@20: 0.3755 
i<=15 Recall@5: 0.368 MRR@5: 0.3453 NDCG@5: 0.3438 Recall@10: 0.3937 MRR@10: 0.3488 NDCG@10: 0.364 Recall@20: 0.426 MRR@20: 0.351 NDCG@20: 0.3755 
i<=16 Recall@5: 0.368 MRR@5: 0.3453 NDCG@5: 0.3438 Recall@10: 0.3937 MRR@10: 0.3488 NDCG@10: 0.364 Recall@20: 0.426 MRR@20: 0.351 NDCG@20: 0.3755 
i<=17 Recall@5: 0.368 MRR@5: 0.3453 NDCG@5: 0.3438 Recall@10: 0.3937 MRR@10: 0.3488 NDCG@10: 0.364 Recall@20: 0.426 MRR@20: 0.351 NDCG@20: 0.3755 
i<=18 Recall@5: 0.368 MRR@5: 0.3453 NDCG@5: 0.3438 Recall@10: 0.3937 MRR@10: 0.3488 NDCG@10: 0.364 Recall@20: 0.426 MRR@20: 0.351 NDCG@20: 0.3755 
i<=19 Recall@5: 0.368 MRR@5: 0.3453 NDCG@5: 0.3438 Recall@10: 0.3937 MRR@10: 0.3488 NDCG@10: 0.364 Recall@20: 0.426 MRR@20: 0.351 NDCG@20: 0.3755 

INFO:root:2022-11-11 15:25:57.450626
	Epoch #: 9
	Epoch loss: 67.09694415330887


i<=1 Recall@5: 0.4796 MRR@5: 0.4582 NDCG@5: 0.4633 Recall@10: 0.4974 MRR@10: 0.4607 NDCG@10: 0.4688 Recall@20: 0.5288 MRR@20: 0.4629 NDCG@20: 0.4757 
i<=2 Recall@5: 0.4583 MRR@5: 0.4358 NDCG@5: 0.443 Recall@10: 0.4777 MRR@10: 0.4384 NDCG@10: 0.4502 Recall@20: 0.5071 MRR@20: 0.4405 NDCG@20: 0.4586 
i<=3 Recall@5: 0.4279 MRR@5: 0.4055 NDCG@5: 0.4133 Recall@10: 0.4482 MRR@10: 0.4082 NDCG@10: 0.4214 Recall@20: 0.4792 MRR@20: 0.4104 NDCG@20: 0.4307 
i<=4 Recall@5: 0.4102 MRR@5: 0.3871 NDCG@5: 0.3956 Recall@10: 0.4318 MRR@10: 0.39 NDCG@10: 0.4045 Recall@20: 0.4628 MRR@20: 0.3921 NDCG@20: 0.4142 
i<=5 Recall@5: 0.3998 MRR@5: 0.3764 NDCG@5: 0.3851 Recall@10: 0.4216 MRR@10: 0.3793 NDCG@10: 0.394 Recall@20: 0.454 MRR@20: 0.3816 NDCG@20: 0.4045 
i<=6 Recall@5: 0.3938 MRR@5: 0.3698 NDCG@5: 0.3783 Recall@10: 0.4158 MRR@10: 0.3727 NDCG@10: 0.3878 Recall@20: 0.4487 MRR@20: 0.375 NDCG@20: 0.3984 
i<=7 Recall@5: 0.3881 MRR@5: 0.3643 NDCG@5: 0.3706 Recall@10: 0.4104 MRR@10: 0.3673 NDCG@10: 0.3826 Recall@20: 0.4436 MRR@20: 0.3695 NDCG@20: 0.3934 
i<=8 Recall@5: 0.3843 MRR@5: 0.3604 NDCG@5: 0.3647 Recall@10: 0.4066 MRR@10: 0.3634 NDCG@10: 0.3789 Recall@20: 0.4398 MRR@20: 0.3657 NDCG@20: 0.3897 
i<=9 Recall@5: 0.382 MRR@5: 0.358 NDCG@5: 0.3605 Recall@10: 0.4046 MRR@10: 0.3611 NDCG@10: 0.3768 Recall@20: 0.4381 MRR@20: 0.3634 NDCG@20: 0.3877 
i<=10 Recall@5: 0.3804 MRR@5: 0.3563 NDCG@5: 0.3576 Recall@10: 0.403 MRR@10: 0.3593 NDCG@10: 0.3752 Recall@20: 0.4366 MRR@20: 0.3616 NDCG@20: 0.3861 
i<=11 Recall@5: 0.3795 MRR@5: 0.3554 NDCG@5: 0.3553 Recall@10: 0.402 MRR@10: 0.3584 NDCG@10: 0.3741 Recall@20: 0.4355 MRR@20: 0.3607 NDCG@20: 0.3851 
i<=12 Recall@5: 0.3785 MRR@5: 0.3543 NDCG@5: 0.3538 Recall@10: 0.4012 MRR@10: 0.3573 NDCG@10: 0.3729 Recall@20: 0.4347 MRR@20: 0.3596 NDCG@20: 0.3843 
i<=13 Recall@5: 0.3779 MRR@5: 0.3537 NDCG@5: 0.3527 Recall@10: 0.4005 MRR@10: 0.3567 NDCG@10: 0.3719 Recall@20: 0.4341 MRR@20: 0.359 NDCG@20: 0.3836 
i<=14 Recall@5: 0.3773 MRR@5: 0.3532 NDCG@5: 0.3521 Recall@10: 0.3999 MRR@10: 0.3562 NDCG@10: 0.3712 Recall@20: 0.4336 MRR@20: 0.3585 NDCG@20: 0.3831 
i<=15 Recall@5: 0.3773 MRR@5: 0.3532 NDCG@5: 0.3521 Recall@10: 0.3999 MRR@10: 0.3562 NDCG@10: 0.3712 Recall@20: 0.4336 MRR@20: 0.3585 NDCG@20: 0.3831 
i<=16 Recall@5: 0.3773 MRR@5: 0.3532 NDCG@5: 0.3521 Recall@10: 0.3999 MRR@10: 0.3562 NDCG@10: 0.3712 Recall@20: 0.4336 MRR@20: 0.3585 NDCG@20: 0.3831 
i<=17 Recall@5: 0.3773 MRR@5: 0.3532 NDCG@5: 0.3521 Recall@10: 0.3999 MRR@10: 0.3562 NDCG@10: 0.3712 Recall@20: 0.4336 MRR@20: 0.3585 NDCG@20: 0.3831 
i<=18 Recall@5: 0.3773 MRR@5: 0.3532 NDCG@5: 0.3521 Recall@10: 0.3999 MRR@10: 0.3562 NDCG@10: 0.3712 Recall@20: 0.4336 MRR@20: 0.3585 NDCG@20: 0.3831 
i<=19 Recall@5: 0.3773 MRR@5: 0.3532 NDCG@5: 0.3521 Recall@10: 0.3999 MRR@10: 0.3562 NDCG@10: 0.3712 Recall@20: 0.4336 MRR@20: 0.3585 NDCG@20: 0.3831 

INFO:root:2022-11-11 15:26:14.194884
	Epoch #: 10
	Epoch loss: 65.29978916049004


i<=1 Recall@5: 0.4904 MRR@5: 0.4712 NDCG@5: 0.4759 Recall@10: 0.5103 MRR@10: 0.4739 NDCG@10: 0.4816 Recall@20: 0.5369 MRR@20: 0.4757 NDCG@20: 0.4874 
i<=2 Recall@5: 0.4666 MRR@5: 0.4459 NDCG@5: 0.453 Recall@10: 0.4864 MRR@10: 0.4485 NDCG@10: 0.4602 Recall@20: 0.5142 MRR@20: 0.4504 NDCG@20: 0.4683 
i<=3 Recall@5: 0.4361 MRR@5: 0.4148 NDCG@5: 0.4227 Recall@10: 0.456 MRR@10: 0.4174 NDCG@10: 0.4305 Recall@20: 0.4854 MRR@20: 0.4194 NDCG@20: 0.4395 
i<=4 Recall@5: 0.4181 MRR@5: 0.396 NDCG@5: 0.4047 Recall@10: 0.4395 MRR@10: 0.3987 NDCG@10: 0.4135 Recall@20: 0.4689 MRR@20: 0.4007 NDCG@20: 0.4227 
i<=5 Recall@5: 0.4075 MRR@5: 0.3851 NDCG@5: 0.3939 Recall@10: 0.4295 MRR@10: 0.3879 NDCG@10: 0.403 Recall@20: 0.4598 MRR@20: 0.39 NDCG@20: 0.4129 
i<=6 Recall@5: 0.4015 MRR@5: 0.3784 NDCG@5: 0.3871 Recall@10: 0.4237 MRR@10: 0.3813 NDCG@10: 0.3967 Recall@20: 0.4542 MRR@20: 0.3834 NDCG@20: 0.4066 
i<=7 Recall@5: 0.3957 MRR@5: 0.3727 NDCG@5: 0.3792 Recall@10: 0.4181 MRR@10: 0.3756 NDCG@10: 0.3912 Recall@20: 0.4488 MRR@20: 0.3777 NDCG@20: 0.4012 
i<=8 Recall@5: 0.3918 MRR@5: 0.3687 NDCG@5: 0.3733 Recall@10: 0.4142 MRR@10: 0.3716 NDCG@10: 0.3874 Recall@20: 0.4449 MRR@20: 0.3737 NDCG@20: 0.3974 
i<=9 Recall@5: 0.3894 MRR@5: 0.3663 NDCG@5: 0.3689 Recall@10: 0.4123 MRR@10: 0.3692 NDCG@10: 0.3853 Recall@20: 0.4431 MRR@20: 0.3713 NDCG@20: 0.3953 
i<=10 Recall@5: 0.3877 MRR@5: 0.3645 NDCG@5: 0.3659 Recall@10: 0.4106 MRR@10: 0.3674 NDCG@10: 0.3837 Recall@20: 0.4415 MRR@20: 0.3695 NDCG@20: 0.3936 
i<=11 Recall@5: 0.3868 MRR@5: 0.3635 NDCG@5: 0.3636 Recall@10: 0.4096 MRR@10: 0.3664 NDCG@10: 0.3825 Recall@20: 0.4404 MRR@20: 0.3685 NDCG@20: 0.3926 
i<=12 Recall@5: 0.3858 MRR@5: 0.3624 NDCG@5: 0.362 Recall@10: 0.4087 MRR@10: 0.3653 NDCG@10: 0.3812 Recall@20: 0.4396 MRR@20: 0.3674 NDCG@20: 0.3917 
i<=13 Recall@5: 0.3852 MRR@5: 0.3618 NDCG@5: 0.3609 Recall@10: 0.4081 MRR@10: 0.3647 NDCG@10: 0.3802 Recall@20: 0.439 MRR@20: 0.3668 NDCG@20: 0.391 
i<=14 Recall@5: 0.3846 MRR@5: 0.3612 NDCG@5: 0.3603 Recall@10: 0.4074 MRR@10: 0.3642 NDCG@10: 0.3796 Recall@20: 0.4385 MRR@20: 0.3663 NDCG@20: 0.3905 
i<=15 Recall@5: 0.3846 MRR@5: 0.3612 NDCG@5: 0.3603 Recall@10: 0.4074 MRR@10: 0.3642 NDCG@10: 0.3796 Recall@20: 0.4385 MRR@20: 0.3663 NDCG@20: 0.3905 
i<=16 Recall@5: 0.3846 MRR@5: 0.3612 NDCG@5: 0.3603 Recall@10: 0.4074 MRR@10: 0.3642 NDCG@10: 0.3796 Recall@20: 0.4385 MRR@20: 0.3663 NDCG@20: 0.3905 
i<=17 Recall@5: 0.3846 MRR@5: 0.3612 NDCG@5: 0.3603 Recall@10: 0.4074 MRR@10: 0.3642 NDCG@10: 0.3796 Recall@20: 0.4385 MRR@20: 0.3663 NDCG@20: 0.3905 
i<=18 Recall@5: 0.3846 MRR@5: 0.3612 NDCG@5: 0.3603 Recall@10: 0.4074 MRR@10: 0.3642 NDCG@10: 0.3796 Recall@20: 0.4385 MRR@20: 0.3663 NDCG@20: 0.3905 
i<=19 Recall@5: 0.3846 MRR@5: 0.3612 NDCG@5: 0.3603 Recall@10: 0.4074 MRR@10: 0.3642 NDCG@10: 0.3796 Recall@20: 0.4385 MRR@20: 0.3663 NDCG@20: 0.3905 

INFO:root:2022-11-11 15:26:30.156082
	Epoch #: 11
	Epoch loss: 63.60441967844963


i<=1 Recall@5: 0.4979 MRR@5: 0.4793 NDCG@5: 0.4837 Recall@10: 0.5181 MRR@10: 0.482 NDCG@10: 0.4894 Recall@20: 0.5443 MRR@20: 0.4838 NDCG@20: 0.4952 
i<=2 Recall@5: 0.4731 MRR@5: 0.4527 NDCG@5: 0.4598 Recall@10: 0.4938 MRR@10: 0.4554 NDCG@10: 0.4672 Recall@20: 0.5204 MRR@20: 0.4572 NDCG@20: 0.4751 
i<=3 Recall@5: 0.4424 MRR@5: 0.4211 NDCG@5: 0.4292 Recall@10: 0.4625 MRR@10: 0.4237 NDCG@10: 0.4367 Recall@20: 0.491 MRR@20: 0.4257 NDCG@20: 0.4457 
i<=4 Recall@5: 0.4238 MRR@5: 0.402 NDCG@5: 0.4108 Recall@10: 0.4456 MRR@10: 0.4049 NDCG@10: 0.4195 Recall@20: 0.4742 MRR@20: 0.4068 NDCG@20: 0.4288 
i<=5 Recall@5: 0.413 MRR@5: 0.391 NDCG@5: 0.3999 Recall@10: 0.4354 MRR@10: 0.3939 NDCG@10: 0.4089 Recall@20: 0.4655 MRR@20: 0.396 NDCG@20: 0.419 
i<=6 Recall@5: 0.4069 MRR@5: 0.3843 NDCG@5: 0.393 Recall@10: 0.4295 MRR@10: 0.3872 NDCG@10: 0.4025 Recall@20: 0.4599 MRR@20: 0.3893 NDCG@20: 0.4127 
i<=7 Recall@5: 0.4011 MRR@5: 0.3786 NDCG@5: 0.385 Recall@10: 0.4238 MRR@10: 0.3815 NDCG@10: 0.397 Recall@20: 0.4545 MRR@20: 0.3836 NDCG@20: 0.4073 
i<=8 Recall@5: 0.3968 MRR@5: 0.3744 NDCG@5: 0.3789 Recall@10: 0.42 MRR@10: 0.3775 NDCG@10: 0.3932 Recall@20: 0.4506 MRR@20: 0.3795 NDCG@20: 0.4035 
i<=9 Recall@5: 0.3945 MRR@5: 0.3719 NDCG@5: 0.3745 Recall@10: 0.4181 MRR@10: 0.375 NDCG@10: 0.3911 Recall@20: 0.4488 MRR@20: 0.3771 NDCG@20: 0.4014 
i<=10 Recall@5: 0.3927 MRR@5: 0.3701 NDCG@5: 0.3714 Recall@10: 0.4163 MRR@10: 0.3732 NDCG@10: 0.3893 Recall@20: 0.4471 MRR@20: 0.3753 NDCG@20: 0.3996 
i<=11 Recall@5: 0.3918 MRR@5: 0.369 NDCG@5: 0.3691 Recall@10: 0.4152 MRR@10: 0.3721 NDCG@10: 0.3881 Recall@20: 0.446 MRR@20: 0.3742 NDCG@20: 0.3985 
i<=12 Recall@5: 0.3907 MRR@5: 0.3679 NDCG@5: 0.3675 Recall@10: 0.4144 MRR@10: 0.3709 NDCG@10: 0.3868 Recall@20: 0.4452 MRR@20: 0.3731 NDCG@20: 0.3976 
i<=13 Recall@5: 0.3901 MRR@5: 0.3672 NDCG@5: 0.3663 Recall@10: 0.4137 MRR@10: 0.3703 NDCG@10: 0.3858 Recall@20: 0.4446 MRR@20: 0.3724 NDCG@20: 0.3969 
i<=14 Recall@5: 0.3895 MRR@5: 0.3667 NDCG@5: 0.3657 Recall@10: 0.4131 MRR@10: 0.3698 NDCG@10: 0.3851 Recall@20: 0.4441 MRR@20: 0.3719 NDCG@20: 0.3965 
i<=15 Recall@5: 0.3895 MRR@5: 0.3667 NDCG@5: 0.3657 Recall@10: 0.4131 MRR@10: 0.3698 NDCG@10: 0.3851 Recall@20: 0.4441 MRR@20: 0.3719 NDCG@20: 0.3965 
i<=16 Recall@5: 0.3895 MRR@5: 0.3667 NDCG@5: 0.3657 Recall@10: 0.4131 MRR@10: 0.3698 NDCG@10: 0.3851 Recall@20: 0.4441 MRR@20: 0.3719 NDCG@20: 0.3965 
i<=17 Recall@5: 0.3895 MRR@5: 0.3667 NDCG@5: 0.3657 Recall@10: 0.4131 MRR@10: 0.3698 NDCG@10: 0.3851 Recall@20: 0.4441 MRR@20: 0.3719 NDCG@20: 0.3965 
i<=18 Recall@5: 0.3895 MRR@5: 0.3667 NDCG@5: 0.3657 Recall@10: 0.4131 MRR@10: 0.3698 NDCG@10: 0.3851 Recall@20: 0.4441 MRR@20: 0.3719 NDCG@20: 0.3965 
i<=19 Recall@5: 0.3895 MRR@5: 0.3667 NDCG@5: 0.3657 Recall@10: 0.4131 MRR@10: 0.3698 NDCG@10: 0.3851 Recall@20: 0.4441 MRR@20: 0.3719 NDCG@20: 0.3965 

INFO:root:2022-11-11 15:26:46.906340
	Epoch #: 12
	Epoch loss: 62.0324430167675


i<=1 Recall@5: 0.5065 MRR@5: 0.4849 NDCG@5: 0.4901 Recall@10: 0.5271 MRR@10: 0.4875 NDCG@10: 0.4956 Recall@20: 0.5487 MRR@20: 0.489 NDCG@20: 0.5004 
i<=2 Recall@5: 0.4792 MRR@5: 0.4574 NDCG@5: 0.4649 Recall@10: 0.5009 MRR@10: 0.4602 NDCG@10: 0.4726 Recall@20: 0.5251 MRR@20: 0.4618 NDCG@20: 0.4801 
i<=3 Recall@5: 0.4473 MRR@5: 0.4253 NDCG@5: 0.4335 Recall@10: 0.4693 MRR@10: 0.4281 NDCG@10: 0.4419 Recall@20: 0.4956 MRR@20: 0.4299 NDCG@20: 0.4506 
i<=4 Recall@5: 0.4287 MRR@5: 0.406 NDCG@5: 0.4152 Recall@10: 0.4521 MRR@10: 0.4091 NDCG@10: 0.4247 Recall@20: 0.4786 MRR@20: 0.4109 NDCG@20: 0.4335 
i<=5 Recall@5: 0.4178 MRR@5: 0.3949 NDCG@5: 0.4043 Recall@10: 0.4417 MRR@10: 0.398 NDCG@10: 0.414 Recall@20: 0.4701 MRR@20: 0.3999 NDCG@20: 0.4238 
i<=6 Recall@5: 0.4116 MRR@5: 0.3882 NDCG@5: 0.3974 Recall@10: 0.4355 MRR@10: 0.3913 NDCG@10: 0.4076 Recall@20: 0.4644 MRR@20: 0.3933 NDCG@20: 0.4176 
i<=7 Recall@5: 0.4059 MRR@5: 0.3824 NDCG@5: 0.3894 Recall@10: 0.4298 MRR@10: 0.3855 NDCG@10: 0.4021 Recall@20: 0.4588 MRR@20: 0.3875 NDCG@20: 0.412 
i<=8 Recall@5: 0.4016 MRR@5: 0.3782 NDCG@5: 0.3832 Recall@10: 0.4259 MRR@10: 0.3814 NDCG@10: 0.3982 Recall@20: 0.4549 MRR@20: 0.3833 NDCG@20: 0.4081 
i<=9 Recall@5: 0.3993 MRR@5: 0.3757 NDCG@5: 0.3787 Recall@10: 0.4241 MRR@10: 0.3789 NDCG@10: 0.3961 Recall@20: 0.4531 MRR@20: 0.3809 NDCG@20: 0.406 
i<=10 Recall@5: 0.3975 MRR@5: 0.3738 NDCG@5: 0.3756 Recall@10: 0.4224 MRR@10: 0.3771 NDCG@10: 0.3943 Recall@20: 0.4513 MRR@20: 0.379 NDCG@20: 0.4042 
i<=11 Recall@5: 0.3965 MRR@5: 0.3727 NDCG@5: 0.3733 Recall@10: 0.4214 MRR@10: 0.376 NDCG@10: 0.3932 Recall@20: 0.4502 MRR@20: 0.3779 NDCG@20: 0.4031 
i<=12 Recall@5: 0.3954 MRR@5: 0.3716 NDCG@5: 0.3717 Recall@10: 0.4205 MRR@10: 0.3748 NDCG@10: 0.3918 Recall@20: 0.4494 MRR@20: 0.3768 NDCG@20: 0.4021 
i<=13 Recall@5: 0.3948 MRR@5: 0.3709 NDCG@5: 0.3705 Recall@10: 0.4198 MRR@10: 0.3742 NDCG@10: 0.3908 Recall@20: 0.4488 MRR@20: 0.3761 NDCG@20: 0.4015 
i<=14 Recall@5: 0.3942 MRR@5: 0.3704 NDCG@5: 0.3699 Recall@10: 0.4191 MRR@10: 0.3736 NDCG@10: 0.3901 Recall@20: 0.4483 MRR@20: 0.3756 NDCG@20: 0.401 
i<=15 Recall@5: 0.3942 MRR@5: 0.3704 NDCG@5: 0.3699 Recall@10: 0.4191 MRR@10: 0.3736 NDCG@10: 0.3901 Recall@20: 0.4483 MRR@20: 0.3756 NDCG@20: 0.401 
i<=16 Recall@5: 0.3942 MRR@5: 0.3704 NDCG@5: 0.3699 Recall@10: 0.4191 MRR@10: 0.3736 NDCG@10: 0.3901 Recall@20: 0.4483 MRR@20: 0.3756 NDCG@20: 0.401 
i<=17 Recall@5: 0.3942 MRR@5: 0.3704 NDCG@5: 0.3699 Recall@10: 0.4191 MRR@10: 0.3736 NDCG@10: 0.3901 Recall@20: 0.4483 MRR@20: 0.3756 NDCG@20: 0.401 
i<=18 Recall@5: 0.3942 MRR@5: 0.3704 NDCG@5: 0.3699 Recall@10: 0.4191 MRR@10: 0.3736 NDCG@10: 0.3901 Recall@20: 0.4483 MRR@20: 0.3756 NDCG@20: 0.401 
i<=19 Recall@5: 0.3942 MRR@5: 0.3704 NDCG@5: 0.3699 Recall@10: 0.4191 MRR@10: 0.3736 NDCG@10: 0.3901 Recall@20: 0.4483 MRR@20: 0.3756 NDCG@20: 0.401 

INFO:root:2022-11-11 15:27:03.933618
	Epoch #: 13
	Epoch loss: 60.496247947216034


i<=1 Recall@5: 0.5133 MRR@5: 0.4917 NDCG@5: 0.4969 Recall@10: 0.5309 MRR@10: 0.494 NDCG@10: 0.5015 Recall@20: 0.5517 MRR@20: 0.4955 NDCG@20: 0.5061 
i<=2 Recall@5: 0.4847 MRR@5: 0.4637 NDCG@5: 0.4711 Recall@10: 0.5042 MRR@10: 0.4663 NDCG@10: 0.4782 Recall@20: 0.5282 MRR@20: 0.4679 NDCG@20: 0.4858 
i<=3 Recall@5: 0.4524 MRR@5: 0.4312 NDCG@5: 0.4394 Recall@10: 0.4723 MRR@10: 0.4338 NDCG@10: 0.4471 Recall@20: 0.4983 MRR@20: 0.4356 NDCG@20: 0.456 
i<=4 Recall@5: 0.4337 MRR@5: 0.4116 NDCG@5: 0.4208 Recall@10: 0.4546 MRR@10: 0.4144 NDCG@10: 0.4293 Recall@20: 0.4812 MRR@20: 0.4162 NDCG@20: 0.4385 
i<=5 Recall@5: 0.4227 MRR@5: 0.4002 NDCG@5: 0.4096 Recall@10: 0.444 MRR@10: 0.403 NDCG@10: 0.4184 Recall@20: 0.4725 MRR@20: 0.405 NDCG@20: 0.4286 
i<=6 Recall@5: 0.4162 MRR@5: 0.3934 NDCG@5: 0.4026 Recall@10: 0.438 MRR@10: 0.3963 NDCG@10: 0.412 Recall@20: 0.4668 MRR@20: 0.3982 NDCG@20: 0.4224 
i<=7 Recall@5: 0.4104 MRR@5: 0.3875 NDCG@5: 0.3944 Recall@10: 0.4323 MRR@10: 0.3904 NDCG@10: 0.4064 Recall@20: 0.4613 MRR@20: 0.3924 NDCG@20: 0.4168 
i<=8 Recall@5: 0.4062 MRR@5: 0.3833 NDCG@5: 0.3882 Recall@10: 0.4282 MRR@10: 0.3862 NDCG@10: 0.4024 Recall@20: 0.4575 MRR@20: 0.3882 NDCG@20: 0.4129 
i<=9 Recall@5: 0.4038 MRR@5: 0.3808 NDCG@5: 0.3835 Recall@10: 0.4263 MRR@10: 0.3838 NDCG@10: 0.4002 Recall@20: 0.4556 MRR@20: 0.3858 NDCG@20: 0.4106 
i<=10 Recall@5: 0.402 MRR@5: 0.3788 NDCG@5: 0.3804 Recall@10: 0.4245 MRR@10: 0.3818 NDCG@10: 0.3984 Recall@20: 0.4538 MRR@20: 0.3838 NDCG@20: 0.4088 
i<=11 Recall@5: 0.401 MRR@5: 0.3777 NDCG@5: 0.378 Recall@10: 0.4234 MRR@10: 0.3807 NDCG@10: 0.3972 Recall@20: 0.4527 MRR@20: 0.3827 NDCG@20: 0.4077 
