INFO:root:2023-01-04 12:56:53.744029
------------------------------------------
DATASET: MovieLens-1M | MODEL: LCII_ver_original_embed_32
SWITCH_INITIAL_STATE: True | USE_FC_IN_INPUT-SUM: False
STRATEGY: original | FUSION_WAY: none | SWITCH_PLOT: attention_gate_dot
ADJACENT_WINDOW_RATIO(0-100%): 0 | LONG_TERM_SCORE: no_use | SHORT_TERM_SCORE: no_use
DROPOUT: 0.8 | LEARNING_RATE: 0.01 | BATCHSIZE: 100 | SEED: 0
OUTER_RNN_SIZE: 32 | INNER_RNN_SIZE: 32 | EMBEDDING_SIZE: 32
TRAIN_N_SESSIONS: 2096 | N_ITEMS: 3328 | N_LAYERS: 1 | SEQLEN: 199 | MAX_EPOCHS: 200
------------------------------------------

WARNING:tensorflow:From <ipython-input-4-43e524cda2f1>:132: GRUCell.__init__ (from tensorflow.python.ops.rnn_cell_impl) is deprecated and will be removed in a future version.
Instructions for updating:
This class is equivalent as tf.keras.layers.GRUCell, and will be replaced by that in Tensorflow 2.0.
WARNING:tensorflow:From <ipython-input-4-43e524cda2f1>:135: dynamic_rnn (from tensorflow.python.ops.rnn) is deprecated and will be removed in a future version.
Instructions for updating:
Please use `keras.layers.RNN(cell)`, which is equivalent to this API
WARNING:tensorflow:From C:\Users\Jun\Anaconda3\envs\Jun-model\lib\site-packages\tensorflow\python\ops\init_ops.py:1251: calling VarianceScaling.__init__ (from tensorflow.python.ops.init_ops) with dtype is deprecated and will be removed in a future version.
Instructions for updating:
Call initializer instance with the dtype argument instead of passing it to the constructor
WARNING:tensorflow:From C:\Users\Jun\Anaconda3\envs\Jun-model\lib\site-packages\tensorflow\python\ops\rnn_cell_impl.py:564: calling Constant.__init__ (from tensorflow.python.ops.init_ops) with dtype is deprecated and will be removed in a future version.
Instructions for updating:
Call initializer instance with the dtype argument instead of passing it to the constructor
WARNING:tensorflow:From C:\Users\Jun\Anaconda3\envs\Jun-model\lib\site-packages\tensorflow\python\ops\rnn_cell_impl.py:574: calling Zeros.__init__ (from tensorflow.python.ops.init_ops) with dtype is deprecated and will be removed in a future version.
Instructions for updating:
Call initializer instance with the dtype argument instead of passing it to the constructor
WARNING:tensorflow:From C:\Users\Jun\Anaconda3\envs\Jun-model\lib\site-packages\tensorflow\python\ops\rnn.py:244: add_dispatch_support.<locals>.wrapper (from tensorflow.python.ops.array_ops) is deprecated and will be removed in a future version.
Instructions for updating:
Use tf.where in 2.0, which has the same broadcast rule as np.where
WARNING:tensorflow:From <ipython-input-4-43e524cda2f1>:198: MultiRNNCell.__init__ (from tensorflow.python.ops.rnn_cell_impl) is deprecated and will be removed in a future version.
Instructions for updating:
This class is equivalent as tf.keras.layers.StackedRNNCells, and will be replaced by that in Tensorflow 2.0.
WARNING:tensorflow:From <ipython-input-4-43e524cda2f1>:222: to_float (from tensorflow.python.ops.math_ops) is deprecated and will be removed in a future version.
Instructions for updating:
Use `tf.cast` instead.
INFO:root:2023-01-04 14:42:21.735091
	Epoch #: 196
	Epoch loss: 31.4523503780365


i<=1 Recall@5: 0.1168 MRR@5: 0.0592 NDCG@5: 0.079 Recall@10: 0.1878 MRR@10: 0.0684 NDCG@10: 0.1151 Recall@20: 0.277 MRR@20: 0.0744 NDCG@20: 0.155 
i<=2 Recall@5: 0.1256 MRR@5: 0.0646 NDCG@5: 0.0903 Recall@10: 0.1956 MRR@10: 0.0738 NDCG@10: 0.1274 Recall@20: 0.2847 MRR@20: 0.0799 NDCG@20: 0.1703 
i<=3 Recall@5: 0.1316 MRR@5: 0.0695 NDCG@5: 0.0964 Recall@10: 0.1994 MRR@10: 0.0784 NDCG@10: 0.1342 Recall@20: 0.2928 MRR@20: 0.0848 NDCG@20: 0.1812 
i<=4 Recall@5: 0.1344 MRR@5: 0.0716 NDCG@5: 0.0995 Recall@10: 0.2026 MRR@10: 0.0805 NDCG@10: 0.1391 Recall@20: 0.2995 MRR@20: 0.0871 NDCG@20: 0.1901 
i<=5 Recall@5: 0.1324 MRR@5: 0.0703 NDCG@5: 0.0982 Recall@10: 0.1989 MRR@10: 0.079 NDCG@10: 0.1378 Recall@20: 0.2999 MRR@20: 0.0859 NDCG@20: 0.1935 
i<=6 Recall@5: 0.1308 MRR@5: 0.0691 NDCG@5: 0.0919 Recall@10: 0.1997 MRR@10: 0.0782 NDCG@10: 0.1391 Recall@20: 0.3012 MRR@20: 0.0851 NDCG@20: 0.1969 
i<=7 Recall@5: 0.1301 MRR@5: 0.0689 NDCG@5: 0.0855 Recall@10: 0.2013 MRR@10: 0.0782 NDCG@10: 0.1411 Recall@20: 0.3041 MRR@20: 0.0852 NDCG@20: 0.2011 
i<=8 Recall@5: 0.1282 MRR@5: 0.068 NDCG@5: 0.0786 Recall@10: 0.1989 MRR@10: 0.0773 NDCG@10: 0.14 Recall@20: 0.301 MRR@20: 0.0843 NDCG@20: 0.2009 
i<=9 Recall@5: 0.128 MRR@5: 0.0678 NDCG@5: 0.0736 Recall@10: 0.1984 MRR@10: 0.077 NDCG@10: 0.1395 Recall@20: 0.3025 MRR@20: 0.0841 NDCG@20: 0.203 
i<=10 Recall@5: 0.1273 MRR@5: 0.0674 NDCG@5: 0.0693 Recall@10: 0.1986 MRR@10: 0.0767 NDCG@10: 0.1393 Recall@20: 0.3033 MRR@20: 0.0838 NDCG@20: 0.2047 
i<=11 Recall@5: 0.1267 MRR@5: 0.0672 NDCG@5: 0.0654 Recall@10: 0.1987 MRR@10: 0.0766 NDCG@10: 0.1365 Recall@20: 0.3038 MRR@20: 0.0837 NDCG@20: 0.2059 
i<=12 Recall@5: 0.1261 MRR@5: 0.067 NDCG@5: 0.0616 Recall@10: 0.1992 MRR@10: 0.0765 NDCG@10: 0.1331 Recall@20: 0.3043 MRR@20: 0.0837 NDCG@20: 0.2068 
i<=13 Recall@5: 0.1253 MRR@5: 0.0665 NDCG@5: 0.0583 Recall@10: 0.1987 MRR@10: 0.0761 NDCG@10: 0.1288 Recall@20: 0.3047 MRR@20: 0.0833 NDCG@20: 0.2079 
i<=14 Recall@5: 0.1258 MRR@5: 0.0664 NDCG@5: 0.0555 Recall@10: 0.1993 MRR@10: 0.0761 NDCG@10: 0.1254 Recall@20: 0.3052 MRR@20: 0.0833 NDCG@20: 0.2088 
i<=15 Recall@5: 0.1255 MRR@5: 0.066 NDCG@5: 0.053 Recall@10: 0.199 MRR@10: 0.0756 NDCG@10: 0.1214 Recall@20: 0.3051 MRR@20: 0.0829 NDCG@20: 0.2091 
i<=16 Recall@5: 0.1247 MRR@5: 0.0652 NDCG@5: 0.0506 Recall@10: 0.1979 MRR@10: 0.0748 NDCG@10: 0.1174 Recall@20: 0.3042 MRR@20: 0.0821 NDCG@20: 0.2088 
i<=17 Recall@5: 0.1236 MRR@5: 0.0642 NDCG@5: 0.0485 Recall@10: 0.1971 MRR@10: 0.0738 NDCG@10: 0.1136 Recall@20: 0.3042 MRR@20: 0.0811 NDCG@20: 0.2086 
i<=18 Recall@5: 0.1235 MRR@5: 0.0638 NDCG@5: 0.0466 Recall@10: 0.1972 MRR@10: 0.0735 NDCG@10: 0.1106 Recall@20: 0.3037 MRR@20: 0.0807 NDCG@20: 0.2081 
i<=19 Recall@5: 0.1233 MRR@5: 0.0638 NDCG@5: 0.0452 Recall@10: 0.1967 MRR@10: 0.0734 NDCG@10: 0.1079 Recall@20: 0.3029 MRR@20: 0.0806 NDCG@20: 0.2075 
i<=20 Recall@5: 0.1232 MRR@5: 0.0637 NDCG@5: 0.0437 Recall@10: 0.1966 MRR@10: 0.0732 NDCG@10: 0.1052 Recall@20: 0.3022 MRR@20: 0.0804 NDCG@20: 0.2068 
i<=21 Recall@5: 0.1228 MRR@5: 0.0636 NDCG@5: 0.0423 Recall@10: 0.1967 MRR@10: 0.0732 NDCG@10: 0.1024 Recall@20: 0.3019 MRR@20: 0.0804 NDCG@20: 0.2055 
i<=22 Recall@5: 0.1216 MRR@5: 0.0631 NDCG@5: 0.041 Recall@10: 0.1957 MRR@10: 0.0727 NDCG@10: 0.0997 Recall@20: 0.3008 MRR@20: 0.0799 NDCG@20: 0.2033 
i<=23 Recall@5: 0.1212 MRR@5: 0.0629 NDCG@5: 0.0398 Recall@10: 0.1948 MRR@10: 0.0725 NDCG@10: 0.0972 Recall@20: 0.3001 MRR@20: 0.0796 NDCG@20: 0.2013 
i<=24 Recall@5: 0.1207 MRR@5: 0.0625 NDCG@5: 0.0387 Recall@10: 0.1945 MRR@10: 0.0721 NDCG@10: 0.0949 Recall@20: 0.3002 MRR@20: 0.0793 NDCG@20: 0.1992 
i<=25 Recall@5: 0.1207 MRR@5: 0.0623 NDCG@5: 0.0378 Recall@10: 0.1944 MRR@10: 0.0719 NDCG@10: 0.0928 Recall@20: 0.2996 MRR@20: 0.0791 NDCG@20: 0.1968 
i<=26 Recall@5: 0.12 MRR@5: 0.062 NDCG@5: 0.0369 Recall@10: 0.1938 MRR@10: 0.0716 NDCG@10: 0.0908 Recall@20: 0.2992 MRR@20: 0.0787 NDCG@20: 0.194 
i<=27 Recall@5: 0.1201 MRR@5: 0.0618 NDCG@5: 0.0361 Recall@10: 0.1934 MRR@10: 0.0714 NDCG@10: 0.0891 Recall@20: 0.299 MRR@20: 0.0785 NDCG@20: 0.1915 
i<=28 Recall@5: 0.1198 MRR@5: 0.0615 NDCG@5: 0.0354 Recall@10: 0.1929 MRR@10: 0.071 NDCG@10: 0.0874 Recall@20: 0.2984 MRR@20: 0.0782 NDCG@20: 0.1891 
i<=29 Recall@5: 0.1193 MRR@5: 0.0613 NDCG@5: 0.0347 Recall@10: 0.1924 MRR@10: 0.0708 NDCG@10: 0.0857 Recall@20: 0.2979 MRR@20: 0.078 NDCG@20: 0.1864 
i<=30 Recall@5: 0.1192 MRR@5: 0.0612 NDCG@5: 0.034 Recall@10: 0.1919 MRR@10: 0.0707 NDCG@10: 0.084 Recall@20: 0.2971 MRR@20: 0.0778 NDCG@20: 0.1836 
i<=31 Recall@5: 0.1186 MRR@5: 0.061 NDCG@5: 0.0333 Recall@10: 0.1915 MRR@10: 0.0705 NDCG@10: 0.0826 Recall@20: 0.2965 MRR@20: 0.0776 NDCG@20: 0.1813 
i<=32 Recall@5: 0.1186 MRR@5: 0.0611 NDCG@5: 0.0327 Recall@10: 0.1914 MRR@10: 0.0706 NDCG@10: 0.0812 Recall@20: 0.2968 MRR@20: 0.0777 NDCG@20: 0.1791 
i<=33 Recall@5: 0.1185 MRR@5: 0.0612 NDCG@5: 0.0321 Recall@10: 0.1914 MRR@10: 0.0706 NDCG@10: 0.0799 Recall@20: 0.2963 MRR@20: 0.0778 NDCG@20: 0.1769 
i<=34 Recall@5: 0.1184 MRR@5: 0.061 NDCG@5: 0.0316 Recall@10: 0.1917 MRR@10: 0.0706 NDCG@10: 0.0786 Recall@20: 0.2964 MRR@20: 0.0777 NDCG@20: 0.1748 
i<=35 Recall@5: 0.1183 MRR@5: 0.061 NDCG@5: 0.0311 Recall@10: 0.1913 MRR@10: 0.0705 NDCG@10: 0.0774 Recall@20: 0.2959 MRR@20: 0.0776 NDCG@20: 0.1727 
i<=36 Recall@5: 0.1182 MRR@5: 0.061 NDCG@5: 0.0306 Recall@10: 0.1913 MRR@10: 0.0705 NDCG@10: 0.0763 Recall@20: 0.2962 MRR@20: 0.0776 NDCG@20: 0.1709 
i<=37 Recall@5: 0.1182 MRR@5: 0.0609 NDCG@5: 0.0301 Recall@10: 0.1909 MRR@10: 0.0704 NDCG@10: 0.0752 Recall@20: 0.2958 MRR@20: 0.0775 NDCG@20: 0.1689 
i<=38 Recall@5: 0.1182 MRR@5: 0.0609 NDCG@5: 0.0297 Recall@10: 0.1908 MRR@10: 0.0704 NDCG@10: 0.0741 Recall@20: 0.2955 MRR@20: 0.0775 NDCG@20: 0.1671 
i<=39 Recall@5: 0.1182 MRR@5: 0.0608 NDCG@5: 0.0293 Recall@10: 0.1907 MRR@10: 0.0703 NDCG@10: 0.0731 Recall@20: 0.2951 MRR@20: 0.0774 NDCG@20: 0.1652 
i<=40 Recall@5: 0.1178 MRR@5: 0.0607 NDCG@5: 0.0289 Recall@10: 0.19 MRR@10: 0.0701 NDCG@10: 0.0722 Recall@20: 0.2948 MRR@20: 0.0772 NDCG@20: 0.1634 
i<=41 Recall@5: 0.1174 MRR@5: 0.0604 NDCG@5: 0.0285 Recall@10: 0.1898 MRR@10: 0.0698 NDCG@10: 0.0712 Recall@20: 0.2947 MRR@20: 0.0769 NDCG@20: 0.1617 
i<=42 Recall@5: 0.117 MRR@5: 0.0602 NDCG@5: 0.0282 Recall@10: 0.1894 MRR@10: 0.0696 NDCG@10: 0.0703 Recall@20: 0.2944 MRR@20: 0.0767 NDCG@20: 0.16 
i<=43 Recall@5: 0.1168 MRR@5: 0.0601 NDCG@5: 0.0278 Recall@10: 0.1893 MRR@10: 0.0695 NDCG@10: 0.0695 Recall@20: 0.2939 MRR@20: 0.0766 NDCG@20: 0.1583 
i<=44 Recall@5: 0.1166 MRR@5: 0.06 NDCG@5: 0.0275 Recall@10: 0.1887 MRR@10: 0.0694 NDCG@10: 0.0687 Recall@20: 0.2931 MRR@20: 0.0765 NDCG@20: 0.1566 
i<=45 Recall@5: 0.1164 MRR@5: 0.0598 NDCG@5: 0.0273 Recall@10: 0.1883 MRR@10: 0.0692 NDCG@10: 0.068 Recall@20: 0.2926 MRR@20: 0.0763 NDCG@20: 0.1552 
i<=46 Recall@5: 0.1162 MRR@5: 0.0597 NDCG@5: 0.027 Recall@10: 0.188 MRR@10: 0.0691 NDCG@10: 0.0672 Recall@20: 0.2921 MRR@20: 0.0762 NDCG@20: 0.1537 
i<=47 Recall@5: 0.1156 MRR@5: 0.0594 NDCG@5: 0.0267 Recall@10: 0.1874 MRR@10: 0.0688 NDCG@10: 0.0665 Recall@20: 0.2916 MRR@20: 0.0758 NDCG@20: 0.1523 
i<=48 Recall@5: 0.1159 MRR@5: 0.0595 NDCG@5: 0.0264 Recall@10: 0.1877 MRR@10: 0.0689 NDCG@10: 0.0659 Recall@20: 0.2916 MRR@20: 0.0759 NDCG@20: 0.151 
i<=49 Recall@5: 0.1154 MRR@5: 0.0592 NDCG@5: 0.0261 Recall@10: 0.187 MRR@10: 0.0686 NDCG@10: 0.0652 Recall@20: 0.2911 MRR@20: 0.0757 NDCG@20: 0.1497 
i<=50 Recall@5: 0.1152 MRR@5: 0.0593 NDCG@5: 0.0259 Recall@10: 0.1867 MRR@10: 0.0686 NDCG@10: 0.0646 Recall@20: 0.2906 MRR@20: 0.0757 NDCG@20: 0.1484 
i<=51 Recall@5: 0.1149 MRR@5: 0.0592 NDCG@5: 0.0257 Recall@10: 0.1864 MRR@10: 0.0685 NDCG@10: 0.064 Recall@20: 0.2901 MRR@20: 0.0756 NDCG@20: 0.1472 
i<=52 Recall@5: 0.1148 MRR@5: 0.0591 NDCG@5: 0.0254 Recall@10: 0.1861 MRR@10: 0.0684 NDCG@10: 0.0635 Recall@20: 0.2898 MRR@20: 0.0755 NDCG@20: 0.1461 
i<=53 Recall@5: 0.1146 MRR@5: 0.059 NDCG@5: 0.0252 Recall@10: 0.1857 MRR@10: 0.0682 NDCG@10: 0.0629 Recall@20: 0.2893 MRR@20: 0.0753 NDCG@20: 0.145 
i<=54 Recall@5: 0.1143 MRR@5: 0.0587 NDCG@5: 0.025 Recall@10: 0.1851 MRR@10: 0.068 NDCG@10: 0.0624 Recall@20: 0.2886 MRR@20: 0.075 NDCG@20: 0.1439 
i<=55 Recall@5: 0.1139 MRR@5: 0.0585 NDCG@5: 0.0248 Recall@10: 0.1847 MRR@10: 0.0677 NDCG@10: 0.0619 Recall@20: 0.2881 MRR@20: 0.0748 NDCG@20: 0.1429 
i<=56 Recall@5: 0.1136 MRR@5: 0.0584 NDCG@5: 0.0246 Recall@10: 0.1843 MRR@10: 0.0676 NDCG@10: 0.0615 Recall@20: 0.2879 MRR@20: 0.0746 NDCG@20: 0.1419 
i<=57 Recall@5: 0.1133 MRR@5: 0.0582 NDCG@5: 0.0244 Recall@10: 0.1838 MRR@10: 0.0674 NDCG@10: 0.061 Recall@20: 0.2874 MRR@20: 0.0744 NDCG@20: 0.141 
i<=58 Recall@5: 0.1132 MRR@5: 0.0581 NDCG@5: 0.0243 Recall@10: 0.1838 MRR@10: 0.0674 NDCG@10: 0.0606 Recall@20: 0.2871 MRR@20: 0.0744 NDCG@20: 0.1401 
i<=59 Recall@5: 0.113 MRR@5: 0.058 NDCG@5: 0.0241 Recall@10: 0.1835 MRR@10: 0.0672 NDCG@10: 0.0602 Recall@20: 0.2869 MRR@20: 0.0742 NDCG@20: 0.1392 
i<=60 Recall@5: 0.1127 MRR@5: 0.0578 NDCG@5: 0.0239 Recall@10: 0.1832 MRR@10: 0.067 NDCG@10: 0.0598 Recall@20: 0.2864 MRR@20: 0.0741 NDCG@20: 0.1383 
i<=61 Recall@5: 0.1125 MRR@5: 0.0577 NDCG@5: 0.0238 Recall@10: 0.183 MRR@10: 0.0669 NDCG@10: 0.0594 Recall@20: 0.286 MRR@20: 0.0739 NDCG@20: 0.1374 
i<=62 Recall@5: 0.1124 MRR@5: 0.0576 NDCG@5: 0.0236 Recall@10: 0.1827 MRR@10: 0.0668 NDCG@10: 0.059 Recall@20: 0.286 MRR@20: 0.0738 NDCG@20: 0.1367 
i<=63 Recall@5: 0.1122 MRR@5: 0.0575 NDCG@5: 0.0235 Recall@10: 0.1826 MRR@10: 0.0667 NDCG@10: 0.0587 Recall@20: 0.286 MRR@20: 0.0737 NDCG@20: 0.136 
i<=64 Recall@5: 0.1121 MRR@5: 0.0575 NDCG@5: 0.0233 Recall@10: 0.1824 MRR@10: 0.0667 NDCG@10: 0.0583 Recall@20: 0.2857 MRR@20: 0.0737 NDCG@20: 0.1352 
i<=65 Recall@5: 0.112 MRR@5: 0.0574 NDCG@5: 0.0232 Recall@10: 0.1823 MRR@10: 0.0666 NDCG@10: 0.058 Recall@20: 0.2854 MRR@20: 0.0736 NDCG@20: 0.1345 
i<=66 Recall@5: 0.112 MRR@5: 0.0574 NDCG@5: 0.0231 Recall@10: 0.182 MRR@10: 0.0666 NDCG@10: 0.0577 Recall@20: 0.2849 MRR@20: 0.0736 NDCG@20: 0.1338 
i<=67 Recall@5: 0.1119 MRR@5: 0.0573 NDCG@5: 0.023 Recall@10: 0.1818 MRR@10: 0.0665 NDCG@10: 0.0574 Recall@20: 0.2848 MRR@20: 0.0735 NDCG@20: 0.1331 
i<=68 Recall@5: 0.1116 MRR@5: 0.0572 NDCG@5: 0.0228 Recall@10: 0.1816 MRR@10: 0.0663 NDCG@10: 0.0571 Recall@20: 0.2845 MRR@20: 0.0733 NDCG@20: 0.1324 
i<=69 Recall@5: 0.1114 MRR@5: 0.0571 NDCG@5: 0.0227 Recall@10: 0.1814 MRR@10: 0.0662 NDCG@10: 0.0568 Recall@20: 0.2843 MRR@20: 0.0733 NDCG@20: 0.1318 
i<=70 Recall@5: 0.1114 MRR@5: 0.0571 NDCG@5: 0.0226 Recall@10: 0.1812 MRR@10: 0.0662 NDCG@10: 0.0565 Recall@20: 0.2841 MRR@20: 0.0732 NDCG@20: 0.1312 
i<=71 Recall@5: 0.1113 MRR@5: 0.057 NDCG@5: 0.0225 Recall@10: 0.181 MRR@10: 0.0661 NDCG@10: 0.0562 Recall@20: 0.284 MRR@20: 0.0731 NDCG@20: 0.1307 
i<=72 Recall@5: 0.1111 MRR@5: 0.0569 NDCG@5: 0.0224 Recall@10: 0.1808 MRR@10: 0.066 NDCG@10: 0.0559 Recall@20: 0.2835 MRR@20: 0.073 NDCG@20: 0.13 
i<=73 Recall@5: 0.111 MRR@5: 0.0568 NDCG@5: 0.0223 Recall@10: 0.1807 MRR@10: 0.0659 NDCG@10: 0.0557 Recall@20: 0.2833 MRR@20: 0.0729 NDCG@20: 0.1294 
i<=74 Recall@5: 0.1107 MRR@5: 0.0566 NDCG@5: 0.0221 Recall@10: 0.1804 MRR@10: 0.0657 NDCG@10: 0.0554 Recall@20: 0.2828 MRR@20: 0.0727 NDCG@20: 0.1288 
i<=75 Recall@5: 0.1106 MRR@5: 0.0566 NDCG@5: 0.022 Recall@10: 0.1802 MRR@10: 0.0657 NDCG@10: 0.0551 Recall@20: 0.2825 MRR@20: 0.0726 NDCG@20: 0.1283 
i<=76 Recall@5: 0.1105 MRR@5: 0.0565 NDCG@5: 0.0219 Recall@10: 0.18 MRR@10: 0.0656 NDCG@10: 0.0549 Recall@20: 0.2823 MRR@20: 0.0725 NDCG@20: 0.1277 
i<=77 Recall@5: 0.1105 MRR@5: 0.0565 NDCG@5: 0.0218 Recall@10: 0.1799 MRR@10: 0.0656 NDCG@10: 0.0546 Recall@20: 0.2823 MRR@20: 0.0726 NDCG@20: 0.1272 
i<=78 Recall@5: 0.1103 MRR@5: 0.0565 NDCG@5: 0.0217 Recall@10: 0.1798 MRR@10: 0.0655 NDCG@10: 0.0544 Recall@20: 0.282 MRR@20: 0.0725 NDCG@20: 0.1267 
i<=79 Recall@5: 0.1102 MRR@5: 0.0564 NDCG@5: 0.0217 Recall@10: 0.1795 MRR@10: 0.0655 NDCG@10: 0.0542 Recall@20: 0.2818 MRR@20: 0.0724 NDCG@20: 0.1262 
i<=80 Recall@5: 0.1101 MRR@5: 0.0564 NDCG@5: 0.0216 Recall@10: 0.1793 MRR@10: 0.0654 NDCG@10: 0.054 Recall@20: 0.2816 MRR@20: 0.0724 NDCG@20: 0.1258 
i<=81 Recall@5: 0.1099 MRR@5: 0.0562 NDCG@5: 0.0215 Recall@10: 0.1792 MRR@10: 0.0653 NDCG@10: 0.0538 Recall@20: 0.2815 MRR@20: 0.0722 NDCG@20: 0.1253 
i<=82 Recall@5: 0.1095 MRR@5: 0.0561 NDCG@5: 0.0214 Recall@10: 0.1789 MRR@10: 0.0651 NDCG@10: 0.0536 Recall@20: 0.2812 MRR@20: 0.0721 NDCG@20: 0.1249 
i<=83 Recall@5: 0.1094 MRR@5: 0.056 NDCG@5: 0.0213 Recall@10: 0.1787 MRR@10: 0.065 NDCG@10: 0.0534 Recall@20: 0.2809 MRR@20: 0.072 NDCG@20: 0.1244 
i<=84 Recall@5: 0.1093 MRR@5: 0.0559 NDCG@5: 0.0212 Recall@10: 0.1786 MRR@10: 0.0649 NDCG@10: 0.0532 Recall@20: 0.2806 MRR@20: 0.0719 NDCG@20: 0.1239 
i<=85 Recall@5: 0.109 MRR@5: 0.0557 NDCG@5: 0.0211 Recall@10: 0.1782 MRR@10: 0.0648 NDCG@10: 0.053 Recall@20: 0.2801 MRR@20: 0.0717 NDCG@20: 0.1235 
i<=86 Recall@5: 0.109 MRR@5: 0.0557 NDCG@5: 0.021 Recall@10: 0.1781 MRR@10: 0.0648 NDCG@10: 0.0527 Recall@20: 0.28 MRR@20: 0.0717 NDCG@20: 0.123 
i<=87 Recall@5: 0.109 MRR@5: 0.0557 NDCG@5: 0.021 Recall@10: 0.1781 MRR@10: 0.0648 NDCG@10: 0.0526 Recall@20: 0.28 MRR@20: 0.0717 NDCG@20: 0.1226 
i<=88 Recall@5: 0.1089 MRR@5: 0.0557 NDCG@5: 0.0209 Recall@10: 0.178 MRR@10: 0.0648 NDCG@10: 0.0524 Recall@20: 0.2799 MRR@20: 0.0717 NDCG@20: 0.1222 
i<=89 Recall@5: 0.1088 MRR@5: 0.0557 NDCG@5: 0.0208 Recall@10: 0.1779 MRR@10: 0.0647 NDCG@10: 0.0522 Recall@20: 0.2798 MRR@20: 0.0717 NDCG@20: 0.1218 
i<=90 Recall@5: 0.1089 MRR@5: 0.0557 NDCG@5: 0.0207 Recall@10: 0.178 MRR@10: 0.0647 NDCG@10: 0.052 Recall@20: 0.2798 MRR@20: 0.0717 NDCG@20: 0.1214 
i<=91 Recall@5: 0.1088 MRR@5: 0.0556 NDCG@5: 0.0206 Recall@10: 0.1779 MRR@10: 0.0646 NDCG@10: 0.0518 Recall@20: 0.2796 MRR@20: 0.0716 NDCG@20: 0.121 
i<=92 Recall@5: 0.1086 MRR@5: 0.0555 NDCG@5: 0.0206 Recall@10: 0.1778 MRR@10: 0.0645 NDCG@10: 0.0516 Recall@20: 0.2794 MRR@20: 0.0715 NDCG@20: 0.1206 
i<=93 Recall@5: 0.1086 MRR@5: 0.0555 NDCG@5: 0.0205 Recall@10: 0.1778 MRR@10: 0.0645 NDCG@10: 0.0514 Recall@20: 0.2793 MRR@20: 0.0714 NDCG@20: 0.1202 
i<=94 Recall@5: 0.1084 MRR@5: 0.0553 NDCG@5: 0.0204 Recall@10: 0.1775 MRR@10: 0.0644 NDCG@10: 0.0513 Recall@20: 0.279 MRR@20: 0.0713 NDCG@20: 0.1198 
i<=95 Recall@5: 0.1083 MRR@5: 0.0553 NDCG@5: 0.0204 Recall@10: 0.1774 MRR@10: 0.0644 NDCG@10: 0.0511 Recall@20: 0.2791 MRR@20: 0.0713 NDCG@20: 0.1195 
i<=96 Recall@5: 0.1084 MRR@5: 0.0553 NDCG@5: 0.0203 Recall@10: 0.1775 MRR@10: 0.0643 NDCG@10: 0.0509 Recall@20: 0.279 MRR@20: 0.0712 NDCG@20: 0.1191 
i<=97 Recall@5: 0.1084 MRR@5: 0.0554 NDCG@5: 0.0202 Recall@10: 0.1774 MRR@10: 0.0644 NDCG@10: 0.0508 Recall@20: 0.279 MRR@20: 0.0713 NDCG@20: 0.1188 
i<=98 Recall@5: 0.1084 MRR@5: 0.0554 NDCG@5: 0.0202 Recall@10: 0.1772 MRR@10: 0.0644 NDCG@10: 0.0506 Recall@20: 0.2788 MRR@20: 0.0713 NDCG@20: 0.1184 
i<=99 Recall@5: 0.1083 MRR@5: 0.0554 NDCG@5: 0.0201 Recall@10: 0.1772 MRR@10: 0.0644 NDCG@10: 0.0505 Recall@20: 0.2786 MRR@20: 0.0713 NDCG@20: 0.1181 
i<=100 Recall@5: 0.1083 MRR@5: 0.0554 NDCG@5: 0.02 Recall@10: 0.1771 MRR@10: 0.0644 NDCG@10: 0.0503 Recall@20: 0.2784 MRR@20: 0.0713 NDCG@20: 0.1177 
i<=101 Recall@5: 0.1083 MRR@5: 0.0554 NDCG@5: 0.02 Recall@10: 0.1771 MRR@10: 0.0644 NDCG@10: 0.0502 Recall@20: 0.2784 MRR@20: 0.0712 NDCG@20: 0.1174 
i<=102 Recall@5: 0.1083 MRR@5: 0.0553 NDCG@5: 0.0199 Recall@10: 0.177 MRR@10: 0.0643 NDCG@10: 0.05 Recall@20: 0.2783 MRR@20: 0.0712 NDCG@20: 0.1171 
i<=103 Recall@5: 0.1082 MRR@5: 0.0553 NDCG@5: 0.0199 Recall@10: 0.177 MRR@10: 0.0643 NDCG@10: 0.0499 Recall@20: 0.2782 MRR@20: 0.0711 NDCG@20: 0.1168 
i<=104 Recall@5: 0.108 MRR@5: 0.0552 NDCG@5: 0.0198 Recall@10: 0.1767 MRR@10: 0.0642 NDCG@10: 0.0497 Recall@20: 0.278 MRR@20: 0.071 NDCG@20: 0.1165 
i<=105 Recall@5: 0.1079 MRR@5: 0.0551 NDCG@5: 0.0198 Recall@10: 0.1766 MRR@10: 0.0641 NDCG@10: 0.0496 Recall@20: 0.2777 MRR@20: 0.071 NDCG@20: 0.1162 
i<=106 Recall@5: 0.1078 MRR@5: 0.0551 NDCG@5: 0.0197 Recall@10: 0.1765 MRR@10: 0.064 NDCG@10: 0.0495 Recall@20: 0.2776 MRR@20: 0.0709 NDCG@20: 0.1159 
i<=107 Recall@5: 0.1077 MRR@5: 0.055 NDCG@5: 0.0196 Recall@10: 0.1763 MRR@10: 0.064 NDCG@10: 0.0493 Recall@20: 0.2774 MRR@20: 0.0709 NDCG@20: 0.1157 
i<=108 Recall@5: 0.1078 MRR@5: 0.055 NDCG@5: 0.0196 Recall@10: 0.1764 MRR@10: 0.064 NDCG@10: 0.0492 Recall@20: 0.2775 MRR@20: 0.0709 NDCG@20: 0.1154 
i<=109 Recall@5: 0.1078 MRR@5: 0.0551 NDCG@5: 0.0195 Recall@10: 0.1766 MRR@10: 0.064 NDCG@10: 0.0491 Recall@20: 0.2776 MRR@20: 0.0709 NDCG@20: 0.1152 
i<=110 Recall@5: 0.1078 MRR@5: 0.055 NDCG@5: 0.0195 Recall@10: 0.1765 MRR@10: 0.064 NDCG@10: 0.049 Recall@20: 0.2776 MRR@20: 0.0709 NDCG@20: 0.1149 
i<=111 Recall@5: 0.1076 MRR@5: 0.055 NDCG@5: 0.0194 Recall@10: 0.1765 MRR@10: 0.064 NDCG@10: 0.0489 Recall@20: 0.2777 MRR@20: 0.0709 NDCG@20: 0.1147 
i<=112 Recall@5: 0.1076 MRR@5: 0.0549 NDCG@5: 0.0194 Recall@10: 0.1763 MRR@10: 0.0639 NDCG@10: 0.0488 Recall@20: 0.2775 MRR@20: 0.0708 NDCG@20: 0.1145 
i<=113 Recall@5: 0.1075 MRR@5: 0.0549 NDCG@5: 0.0194 Recall@10: 0.1763 MRR@10: 0.0638 NDCG@10: 0.0487 Recall@20: 0.2773 MRR@20: 0.0707 NDCG@20: 0.1142 
i<=114 Recall@5: 0.1075 MRR@5: 0.0548 NDCG@5: 0.0193 Recall@10: 0.1762 MRR@10: 0.0638 NDCG@10: 0.0486 Recall@20: 0.2772 MRR@20: 0.0707 NDCG@20: 0.114 
i<=115 Recall@5: 0.1074 MRR@5: 0.0547 NDCG@5: 0.0193 Recall@10: 0.1762 MRR@10: 0.0637 NDCG@10: 0.0484 Recall@20: 0.2772 MRR@20: 0.0706 NDCG@20: 0.1138 
i<=116 Recall@5: 0.1073 MRR@5: 0.0547 NDCG@5: 0.0192 Recall@10: 0.1761 MRR@10: 0.0637 NDCG@10: 0.0483 Recall@20: 0.2771 MRR@20: 0.0705 NDCG@20: 0.1135 
i<=117 Recall@5: 0.1073 MRR@5: 0.0547 NDCG@5: 0.0192 Recall@10: 0.1762 MRR@10: 0.0637 NDCG@10: 0.0482 Recall@20: 0.2771 MRR@20: 0.0706 NDCG@20: 0.1133 
i<=118 Recall@5: 0.1074 MRR@5: 0.0547 NDCG@5: 0.0192 Recall@10: 0.1761 MRR@10: 0.0637 NDCG@10: 0.0481 Recall@20: 0.2772 MRR@20: 0.0706 NDCG@20: 0.1131 
i<=119 Recall@5: 0.1072 MRR@5: 0.0547 NDCG@5: 0.0191 Recall@10: 0.1759 MRR@10: 0.0636 NDCG@10: 0.048 Recall@20: 0.2769 MRR@20: 0.0705 NDCG@20: 0.1128 
i<=120 Recall@5: 0.1072 MRR@5: 0.0546 NDCG@5: 0.0191 Recall@10: 0.1758 MRR@10: 0.0636 NDCG@10: 0.0479 Recall@20: 0.2767 MRR@20: 0.0705 NDCG@20: 0.1127 
i<=121 Recall@5: 0.1071 MRR@5: 0.0545 NDCG@5: 0.019 Recall@10: 0.1757 MRR@10: 0.0635 NDCG@10: 0.0478 Recall@20: 0.2765 MRR@20: 0.0704 NDCG@20: 0.1124 
i<=122 Recall@5: 0.1071 MRR@5: 0.0545 NDCG@5: 0.019 Recall@10: 0.1757 MRR@10: 0.0635 NDCG@10: 0.0477 Recall@20: 0.2766 MRR@20: 0.0704 NDCG@20: 0.1122 
i<=123 Recall@5: 0.1071 MRR@5: 0.0545 NDCG@5: 0.019 Recall@10: 0.1756 MRR@10: 0.0635 NDCG@10: 0.0477 Recall@20: 0.2764 MRR@20: 0.0703 NDCG@20: 0.112 
i<=124 Recall@5: 0.107 MRR@5: 0.0544 NDCG@5: 0.0189 Recall@10: 0.1755 MRR@10: 0.0634 NDCG@10: 0.0476 Recall@20: 0.2764 MRR@20: 0.0702 NDCG@20: 0.1119 
i<=125 Recall@5: 0.1069 MRR@5: 0.0544 NDCG@5: 0.0189 Recall@10: 0.1755 MRR@10: 0.0634 NDCG@10: 0.0475 Recall@20: 0.2763 MRR@20: 0.0702 NDCG@20: 0.1117 
i<=126 Recall@5: 0.1068 MRR@5: 0.0543 NDCG@5: 0.0189 Recall@10: 0.1754 MRR@10: 0.0633 NDCG@10: 0.0474 Recall@20: 0.2761 MRR@20: 0.0702 NDCG@20: 0.1116 
i<=127 Recall@5: 0.1068 MRR@5: 0.0543 NDCG@5: 0.0188 Recall@10: 0.1754 MRR@10: 0.0633 NDCG@10: 0.0473 Recall@20: 0.2761 MRR@20: 0.0701 NDCG@20: 0.1114 
i<=128 Recall@5: 0.1068 MRR@5: 0.0543 NDCG@5: 0.0188 Recall@10: 0.1753 MRR@10: 0.0632 NDCG@10: 0.0473 Recall@20: 0.2759 MRR@20: 0.0701 NDCG@20: 0.1113 
i<=129 Recall@5: 0.1067 MRR@5: 0.0542 NDCG@5: 0.0188 Recall@10: 0.1752 MRR@10: 0.0632 NDCG@10: 0.0472 Recall@20: 0.2759 MRR@20: 0.07 NDCG@20: 0.1111 
i<=130 Recall@5: 0.1066 MRR@5: 0.0542 NDCG@5: 0.0187 Recall@10: 0.1752 MRR@10: 0.0631 NDCG@10: 0.0471 Recall@20: 0.2758 MRR@20: 0.07 NDCG@20: 0.111 
i<=131 Recall@5: 0.1066 MRR@5: 0.0542 NDCG@5: 0.0187 Recall@10: 0.1751 MRR@10: 0.0631 NDCG@10: 0.0471 Recall@20: 0.2758 MRR@20: 0.07 NDCG@20: 0.1108 
i<=132 Recall@5: 0.1066 MRR@5: 0.0541 NDCG@5: 0.0187 Recall@10: 0.1752 MRR@10: 0.0631 NDCG@10: 0.047 Recall@20: 0.2759 MRR@20: 0.0699 NDCG@20: 0.1107 
i<=133 Recall@5: 0.1065 MRR@5: 0.0541 NDCG@5: 0.0186 Recall@10: 0.1752 MRR@10: 0.0631 NDCG@10: 0.0469 Recall@20: 0.2759 MRR@20: 0.0699 NDCG@20: 0.1106 
i<=134 Recall@5: 0.1065 MRR@5: 0.0541 NDCG@5: 0.0186 Recall@10: 0.1752 MRR@10: 0.063 NDCG@10: 0.0469 Recall@20: 0.2758 MRR@20: 0.0699 NDCG@20: 0.1105 
i<=135 Recall@5: 0.1065 MRR@5: 0.054 NDCG@5: 0.0186 Recall@10: 0.1751 MRR@10: 0.063 NDCG@10: 0.0468 Recall@20: 0.2757 MRR@20: 0.0698 NDCG@20: 0.1103 
i<=136 Recall@5: 0.1064 MRR@5: 0.054 NDCG@5: 0.0186 Recall@10: 0.175 MRR@10: 0.063 NDCG@10: 0.0467 Recall@20: 0.2756 MRR@20: 0.0698 NDCG@20: 0.1102 
i<=137 Recall@5: 0.1064 MRR@5: 0.054 NDCG@5: 0.0185 Recall@10: 0.175 MRR@10: 0.0629 NDCG@10: 0.0467 Recall@20: 0.2755 MRR@20: 0.0698 NDCG@20: 0.11 
i<=138 Recall@5: 0.1064 MRR@5: 0.054 NDCG@5: 0.0185 Recall@10: 0.1748 MRR@10: 0.0629 NDCG@10: 0.0466 Recall@20: 0.2754 MRR@20: 0.0698 NDCG@20: 0.1099 
i<=139 Recall@5: 0.1064 MRR@5: 0.054 NDCG@5: 0.0185 Recall@10: 0.1748 MRR@10: 0.0629 NDCG@10: 0.0466 Recall@20: 0.2753 MRR@20: 0.0698 NDCG@20: 0.1098 
i<=140 Recall@5: 0.1064 MRR@5: 0.054 NDCG@5: 0.0185 Recall@10: 0.1748 MRR@10: 0.0629 NDCG@10: 0.0465 Recall@20: 0.2752 MRR@20: 0.0698 NDCG@20: 0.1096 
i<=141 Recall@5: 0.1064 MRR@5: 0.0539 NDCG@5: 0.0185 Recall@10: 0.1748 MRR@10: 0.0629 NDCG@10: 0.0465 Recall@20: 0.2751 MRR@20: 0.0697 NDCG@20: 0.1095 
i<=142 Recall@5: 0.1064 MRR@5: 0.0539 NDCG@5: 0.0184 Recall@10: 0.1748 MRR@10: 0.0629 NDCG@10: 0.0464 Recall@20: 0.2751 MRR@20: 0.0697 NDCG@20: 0.1094 
i<=143 Recall@5: 0.1064 MRR@5: 0.0539 NDCG@5: 0.0184 Recall@10: 0.1747 MRR@10: 0.0628 NDCG@10: 0.0464 Recall@20: 0.275 MRR@20: 0.0697 NDCG@20: 0.1092 
i<=144 Recall@5: 0.1063 MRR@5: 0.0539 NDCG@5: 0.0184 Recall@10: 0.1746 MRR@10: 0.0628 NDCG@10: 0.0463 Recall@20: 0.2749 MRR@20: 0.0696 NDCG@20: 0.1091 
i<=145 Recall@5: 0.1063 MRR@5: 0.0538 NDCG@5: 0.0184 Recall@10: 0.1745 MRR@10: 0.0628 NDCG@10: 0.0463 Recall@20: 0.2747 MRR@20: 0.0696 NDCG@20: 0.109 
i<=146 Recall@5: 0.1063 MRR@5: 0.0538 NDCG@5: 0.0184 Recall@10: 0.1745 MRR@10: 0.0627 NDCG@10: 0.0462 Recall@20: 0.2747 MRR@20: 0.0696 NDCG@20: 0.1089 
i<=147 Recall@5: 0.1063 MRR@5: 0.0538 NDCG@5: 0.0183 Recall@10: 0.1745 MRR@10: 0.0627 NDCG@10: 0.0462 Recall@20: 0.2747 MRR@20: 0.0695 NDCG@20: 0.1088 
i<=148 Recall@5: 0.1063 MRR@5: 0.0538 NDCG@5: 0.0183 Recall@10: 0.1745 MRR@10: 0.0627 NDCG@10: 0.0461 Recall@20: 0.2747 MRR@20: 0.0695 NDCG@20: 0.1087 
i<=149 Recall@5: 0.1062 MRR@5: 0.0538 NDCG@5: 0.0183 Recall@10: 0.1745 MRR@10: 0.0627 NDCG@10: 0.0461 Recall@20: 0.2745 MRR@20: 0.0695 NDCG@20: 0.1085 
i<=150 Recall@5: 0.1062 MRR@5: 0.0538 NDCG@5: 0.0183 Recall@10: 0.1745 MRR@10: 0.0627 NDCG@10: 0.046 Recall@20: 0.2745 MRR@20: 0.0695 NDCG@20: 0.1085 
i<=151 Recall@5: 0.1062 MRR@5: 0.0538 NDCG@5: 0.0183 Recall@10: 0.1745 MRR@10: 0.0627 NDCG@10: 0.046 Recall@20: 0.2745 MRR@20: 0.0695 NDCG@20: 0.1084 
i<=152 Recall@5: 0.1062 MRR@5: 0.0537 NDCG@5: 0.0183 Recall@10: 0.1744 MRR@10: 0.0627 NDCG@10: 0.0459 Recall@20: 0.2744 MRR@20: 0.0695 NDCG@20: 0.1083 
i<=153 Recall@5: 0.1061 MRR@5: 0.0537 NDCG@5: 0.0182 Recall@10: 0.1745 MRR@10: 0.0627 NDCG@10: 0.0459 Recall@20: 0.2744 MRR@20: 0.0695 NDCG@20: 0.1082 
i<=154 Recall@5: 0.1062 MRR@5: 0.0537 NDCG@5: 0.0182 Recall@10: 0.1744 MRR@10: 0.0627 NDCG@10: 0.0459 Recall@20: 0.2745 MRR@20: 0.0695 NDCG@20: 0.1081 
i<=155 Recall@5: 0.1061 MRR@5: 0.0537 NDCG@5: 0.0182 Recall@10: 0.1744 MRR@10: 0.0626 NDCG@10: 0.0458 Recall@20: 0.2745 MRR@20: 0.0695 NDCG@20: 0.108 
i<=156 Recall@5: 0.1062 MRR@5: 0.0537 NDCG@5: 0.0182 Recall@10: 0.1744 MRR@10: 0.0626 NDCG@10: 0.0458 Recall@20: 0.2746 MRR@20: 0.0694 NDCG@20: 0.1079 
i<=157 Recall@5: 0.1061 MRR@5: 0.0537 NDCG@5: 0.0182 Recall@10: 0.1743 MRR@10: 0.0626 NDCG@10: 0.0457 Recall@20: 0.2746 MRR@20: 0.0694 NDCG@20: 0.1079 
i<=158 Recall@5: 0.1062 MRR@5: 0.0537 NDCG@5: 0.0182 Recall@10: 0.1744 MRR@10: 0.0626 NDCG@10: 0.0457 Recall@20: 0.2746 MRR@20: 0.0694 NDCG@20: 0.1078 
i<=159 Recall@5: 0.1061 MRR@5: 0.0537 NDCG@5: 0.0181 Recall@10: 0.1744 MRR@10: 0.0626 NDCG@10: 0.0457 Recall@20: 0.2746 MRR@20: 0.0694 NDCG@20: 0.1077 
i<=160 Recall@5: 0.1061 MRR@5: 0.0537 NDCG@5: 0.0181 Recall@10: 0.1743 MRR@10: 0.0626 NDCG@10: 0.0457 Recall@20: 0.2746 MRR@20: 0.0694 NDCG@20: 0.1077 
i<=161 Recall@5: 0.1061 MRR@5: 0.0537 NDCG@5: 0.0181 Recall@10: 0.1743 MRR@10: 0.0626 NDCG@10: 0.0456 Recall@20: 0.2746 MRR@20: 0.0694 NDCG@20: 0.1076 
i<=162 Recall@5: 0.106 MRR@5: 0.0536 NDCG@5: 0.0181 Recall@10: 0.1742 MRR@10: 0.0625 NDCG@10: 0.0456 Recall@20: 0.2744 MRR@20: 0.0693 NDCG@20: 0.1075 
i<=163 Recall@5: 0.106 MRR@5: 0.0536 NDCG@5: 0.0181 Recall@10: 0.1742 MRR@10: 0.0625 NDCG@10: 0.0455 Recall@20: 0.2744 MRR@20: 0.0693 NDCG@20: 0.1074 
i<=164 Recall@5: 0.106 MRR@5: 0.0536 NDCG@5: 0.0181 Recall@10: 0.1741 MRR@10: 0.0625 NDCG@10: 0.0455 Recall@20: 0.2743 MRR@20: 0.0693 NDCG@20: 0.1074 
i<=165 Recall@5: 0.106 MRR@5: 0.0536 NDCG@5: 0.0181 Recall@10: 0.1741 MRR@10: 0.0625 NDCG@10: 0.0455 Recall@20: 0.2744 MRR@20: 0.0693 NDCG@20: 0.1073 
i<=166 Recall@5: 0.106 MRR@5: 0.0536 NDCG@5: 0.0181 Recall@10: 0.1741 MRR@10: 0.0625 NDCG@10: 0.0455 Recall@20: 0.2744 MRR@20: 0.0693 NDCG@20: 0.1072 
i<=167 Recall@5: 0.1059 MRR@5: 0.0536 NDCG@5: 0.018 Recall@10: 0.1741 MRR@10: 0.0625 NDCG@10: 0.0454 Recall@20: 0.2743 MRR@20: 0.0693 NDCG@20: 0.1072 
i<=168 Recall@5: 0.1059 MRR@5: 0.0536 NDCG@5: 0.018 Recall@10: 0.174 MRR@10: 0.0625 NDCG@10: 0.0454 Recall@20: 0.2743 MRR@20: 0.0693 NDCG@20: 0.1071 
i<=169 Recall@5: 0.1059 MRR@5: 0.0536 NDCG@5: 0.018 Recall@10: 0.1741 MRR@10: 0.0625 NDCG@10: 0.0454 Recall@20: 0.2744 MRR@20: 0.0693 NDCG@20: 0.107 
i<=170 Recall@5: 0.1059 MRR@5: 0.0536 NDCG@5: 0.018 Recall@10: 0.1741 MRR@10: 0.0625 NDCG@10: 0.0454 Recall@20: 0.2744 MRR@20: 0.0693 NDCG@20: 0.107 
i<=171 Recall@5: 0.1059 MRR@5: 0.0535 NDCG@5: 0.018 Recall@10: 0.174 MRR@10: 0.0624 NDCG@10: 0.0453 Recall@20: 0.2744 MRR@20: 0.0693 NDCG@20: 0.1069 
i<=172 Recall@5: 0.1059 MRR@5: 0.0535 NDCG@5: 0.018 Recall@10: 0.174 MRR@10: 0.0624 NDCG@10: 0.0453 Recall@20: 0.2744 MRR@20: 0.0693 NDCG@20: 0.1069 
i<=173 Recall@5: 0.1059 MRR@5: 0.0535 NDCG@5: 0.018 Recall@10: 0.174 MRR@10: 0.0624 NDCG@10: 0.0453 Recall@20: 0.2743 MRR@20: 0.0693 NDCG@20: 0.1068 
i<=174 Recall@5: 0.1059 MRR@5: 0.0535 NDCG@5: 0.018 Recall@10: 0.174 MRR@10: 0.0624 NDCG@10: 0.0453 Recall@20: 0.2744 MRR@20: 0.0693 NDCG@20: 0.1068 
i<=175 Recall@5: 0.1059 MRR@5: 0.0535 NDCG@5: 0.018 Recall@10: 0.174 MRR@10: 0.0624 NDCG@10: 0.0453 Recall@20: 0.2743 MRR@20: 0.0692 NDCG@20: 0.1068 
i<=176 Recall@5: 0.1059 MRR@5: 0.0535 NDCG@5: 0.018 Recall@10: 0.174 MRR@10: 0.0624 NDCG@10: 0.0452 Recall@20: 0.2744 MRR@20: 0.0693 NDCG@20: 0.1067 
i<=177 Recall@5: 0.1059 MRR@5: 0.0535 NDCG@5: 0.018 Recall@10: 0.174 MRR@10: 0.0624 NDCG@10: 0.0452 Recall@20: 0.2744 MRR@20: 0.0693 NDCG@20: 0.1067 
i<=178 Recall@5: 0.1059 MRR@5: 0.0535 NDCG@5: 0.018 Recall@10: 0.174 MRR@10: 0.0624 NDCG@10: 0.0452 Recall@20: 0.2743 MRR@20: 0.0692 NDCG@20: 0.1066 
i<=179 Recall@5: 0.1059 MRR@5: 0.0535 NDCG@5: 0.018 Recall@10: 0.174 MRR@10: 0.0624 NDCG@10: 0.0452 Recall@20: 0.2743 MRR@20: 0.0692 NDCG@20: 0.1066 
i<=180 Recall@5: 0.1059 MRR@5: 0.0535 NDCG@5: 0.0179 Recall@10: 0.174 MRR@10: 0.0624 NDCG@10: 0.0452 Recall@20: 0.2743 MRR@20: 0.0692 NDCG@20: 0.1066 
i<=181 Recall@5: 0.1059 MRR@5: 0.0535 NDCG@5: 0.0179 Recall@10: 0.174 MRR@10: 0.0624 NDCG@10: 0.0452 Recall@20: 0.2743 MRR@20: 0.0692 NDCG@20: 0.1066 
i<=182 Recall@5: 0.1059 MRR@5: 0.0535 NDCG@5: 0.0179 Recall@10: 0.174 MRR@10: 0.0624 NDCG@10: 0.0452 Recall@20: 0.2743 MRR@20: 0.0692 NDCG@20: 0.1065 
i<=183 Recall@5: 0.1058 MRR@5: 0.0535 NDCG@5: 0.0179 Recall@10: 0.174 MRR@10: 0.0624 NDCG@10: 0.0452 Recall@20: 0.2743 MRR@20: 0.0692 NDCG@20: 0.1065 
i<=184 Recall@5: 0.1058 MRR@5: 0.0535 NDCG@5: 0.0179 Recall@10: 0.1739 MRR@10: 0.0624 NDCG@10: 0.0452 Recall@20: 0.2743 MRR@20: 0.0692 NDCG@20: 0.1065 
i<=185 Recall@5: 0.1058 MRR@5: 0.0535 NDCG@5: 0.0179 Recall@10: 0.1739 MRR@10: 0.0624 NDCG@10: 0.0451 Recall@20: 0.2743 MRR@20: 0.0692 NDCG@20: 0.1065 
i<=186 Recall@5: 0.1058 MRR@5: 0.0535 NDCG@5: 0.0179 Recall@10: 0.1739 MRR@10: 0.0624 NDCG@10: 0.0451 Recall@20: 0.2743 MRR@20: 0.0692 NDCG@20: 0.1065 
i<=187 Recall@5: 0.1058 MRR@5: 0.0535 NDCG@5: 0.0179 Recall@10: 0.174 MRR@10: 0.0624 NDCG@10: 0.0451 Recall@20: 0.2743 MRR@20: 0.0692 NDCG@20: 0.1065 
i<=188 Recall@5: 0.1058 MRR@5: 0.0535 NDCG@5: 0.0179 Recall@10: 0.1739 MRR@10: 0.0624 NDCG@10: 0.0451 Recall@20: 0.2743 MRR@20: 0.0692 NDCG@20: 0.1065 
i<=189 Recall@5: 0.1058 MRR@5: 0.0535 NDCG@5: 0.0179 Recall@10: 0.1739 MRR@10: 0.0624 NDCG@10: 0.0451 Recall@20: 0.2743 MRR@20: 0.0692 NDCG@20: 0.1065 
i<=190 Recall@5: 0.1057 MRR@5: 0.0535 NDCG@5: 0.0179 Recall@10: 0.1739 MRR@10: 0.0624 NDCG@10: 0.0451 Recall@20: 0.2743 MRR@20: 0.0692 NDCG@20: 0.1064 
i<=191 Recall@5: 0.1057 MRR@5: 0.0535 NDCG@5: 0.0179 Recall@10: 0.1739 MRR@10: 0.0624 NDCG@10: 0.0451 Recall@20: 0.2743 MRR@20: 0.0692 NDCG@20: 0.1064 
i<=192 Recall@5: 0.1058 MRR@5: 0.0535 NDCG@5: 0.0179 Recall@10: 0.174 MRR@10: 0.0624 NDCG@10: 0.0451 Recall@20: 0.2743 MRR@20: 0.0692 NDCG@20: 0.1064 
i<=193 Recall@5: 0.1058 MRR@5: 0.0535 NDCG@5: 0.0179 Recall@10: 0.174 MRR@10: 0.0624 NDCG@10: 0.0451 Recall@20: 0.2743 MRR@20: 0.0692 NDCG@20: 0.1064 
i<=194 Recall@5: 0.1058 MRR@5: 0.0535 NDCG@5: 0.0179 Recall@10: 0.174 MRR@10: 0.0624 NDCG@10: 0.0451 Recall@20: 0.2743 MRR@20: 0.0692 NDCG@20: 0.1064 
i<=195 Recall@5: 0.1058 MRR@5: 0.0535 NDCG@5: 0.0179 Recall@10: 0.174 MRR@10: 0.0624 NDCG@10: 0.0451 Recall@20: 0.2743 MRR@20: 0.0692 NDCG@20: 0.1064 
i<=196 Recall@5: 0.1058 MRR@5: 0.0535 NDCG@5: 0.0179 Recall@10: 0.174 MRR@10: 0.0624 NDCG@10: 0.0451 Recall@20: 0.2743 MRR@20: 0.0692 NDCG@20: 0.1064 
i<=197 Recall@5: 0.1058 MRR@5: 0.0535 NDCG@5: 0.0179 Recall@10: 0.174 MRR@10: 0.0624 NDCG@10: 0.0451 Recall@20: 0.2743 MRR@20: 0.0692 NDCG@20: 0.1064 
i<=198 Recall@5: 0.1058 MRR@5: 0.0535 NDCG@5: 0.0179 Recall@10: 0.174 MRR@10: 0.0624 NDCG@10: 0.0451 Recall@20: 0.2743 MRR@20: 0.0692 NDCG@20: 0.1064 
i<=199 Recall@5: 0.1058 MRR@5: 0.0535 NDCG@5: 0.0179 Recall@10: 0.174 MRR@10: 0.0624 NDCG@10: 0.0451 Recall@20: 0.2743 MRR@20: 0.0692 NDCG@20: 0.1064 

INFO:root:2023-01-04 14:42:22.243046
------------------------------------------
DATASET: MovieLens-1M | MODEL: LCII_ver_pre-combine_w-30_fix_L-0.8_S-0.2_embed_32
SWITCH_INITIAL_STATE: True | USE_FC_IN_INPUT-SUM: False
STRATEGY: pre-combine | FUSION_WAY: fix | SWITCH_PLOT: attention_gate_dot
ADJACENT_WINDOW_RATIO(0-100%): 30 | LONG_TERM_SCORE: 0.8 | SHORT_TERM_SCORE: 0.2
DROPOUT: 0.8 | LEARNING_RATE: 0.01 | BATCHSIZE: 100 | SEED: 0
OUTER_RNN_SIZE: 32 | INNER_RNN_SIZE: 32 | EMBEDDING_SIZE: 32
TRAIN_N_SESSIONS: 2096 | N_ITEMS: 3328 | N_LAYERS: 1 | SEQLEN: 199 | MAX_EPOCHS: 200
------------------------------------------

INFO:root:2023-01-04 16:25:20.225116
	Epoch #: 192
	Epoch loss: 31.599588990211487


i<=1 Recall@5: 0.1247 MRR@5: 0.0589 NDCG@5: 0.0845 Recall@10: 0.1942 MRR@10: 0.0679 NDCG@10: 0.1159 Recall@20: 0.2904 MRR@20: 0.0745 NDCG@20: 0.1603 
i<=2 Recall@5: 0.1285 MRR@5: 0.0626 NDCG@5: 0.0904 Recall@10: 0.2014 MRR@10: 0.0722 NDCG@10: 0.129 Recall@20: 0.2889 MRR@20: 0.0783 NDCG@20: 0.1704 
i<=3 Recall@5: 0.1388 MRR@5: 0.0676 NDCG@5: 0.0993 Recall@10: 0.2069 MRR@10: 0.0766 NDCG@10: 0.1369 Recall@20: 0.2977 MRR@20: 0.0828 NDCG@20: 0.1829 
i<=4 Recall@5: 0.1384 MRR@5: 0.0679 NDCG@5: 0.0998 Recall@10: 0.2093 MRR@10: 0.0772 NDCG@10: 0.1408 Recall@20: 0.3028 MRR@20: 0.0837 NDCG@20: 0.1904 
i<=5 Recall@5: 0.1359 MRR@5: 0.0668 NDCG@5: 0.0981 Recall@10: 0.21 MRR@10: 0.0765 NDCG@10: 0.143 Recall@20: 0.3083 MRR@20: 0.0833 NDCG@20: 0.1975 
i<=6 Recall@5: 0.1332 MRR@5: 0.0659 NDCG@5: 0.0922 Recall@10: 0.2083 MRR@10: 0.0758 NDCG@10: 0.1433 Recall@20: 0.307 MRR@20: 0.0826 NDCG@20: 0.1999 
i<=7 Recall@5: 0.1315 MRR@5: 0.0654 NDCG@5: 0.0843 Recall@10: 0.207 MRR@10: 0.0753 NDCG@10: 0.1429 Recall@20: 0.3086 MRR@20: 0.0824 NDCG@20: 0.2029 
i<=8 Recall@5: 0.1293 MRR@5: 0.0643 NDCG@5: 0.0773 Recall@10: 0.2061 MRR@10: 0.0744 NDCG@10: 0.1425 Recall@20: 0.3075 MRR@20: 0.0814 NDCG@20: 0.204 
i<=9 Recall@5: 0.128 MRR@5: 0.0641 NDCG@5: 0.0716 Recall@10: 0.2059 MRR@10: 0.0743 NDCG@10: 0.1424 Recall@20: 0.3074 MRR@20: 0.0813 NDCG@20: 0.2053 
i<=10 Recall@5: 0.1283 MRR@5: 0.064 NDCG@5: 0.067 Recall@10: 0.2062 MRR@10: 0.0742 NDCG@10: 0.1425 Recall@20: 0.308 MRR@20: 0.0812 NDCG@20: 0.207 
i<=11 Recall@5: 0.1289 MRR@5: 0.0641 NDCG@5: 0.0632 Recall@10: 0.206 MRR@10: 0.0742 NDCG@10: 0.1402 Recall@20: 0.3086 MRR@20: 0.0813 NDCG@20: 0.2083 
i<=12 Recall@5: 0.1277 MRR@5: 0.0635 NDCG@5: 0.0594 Recall@10: 0.2046 MRR@10: 0.0736 NDCG@10: 0.1357 Recall@20: 0.3072 MRR@20: 0.0807 NDCG@20: 0.2079 
i<=13 Recall@5: 0.1277 MRR@5: 0.0636 NDCG@5: 0.0566 Recall@10: 0.2037 MRR@10: 0.0735 NDCG@10: 0.132 Recall@20: 0.3064 MRR@20: 0.0806 NDCG@20: 0.2083 
i<=14 Recall@5: 0.1271 MRR@5: 0.063 NDCG@5: 0.0539 Recall@10: 0.2031 MRR@10: 0.073 NDCG@10: 0.128 Recall@20: 0.3063 MRR@20: 0.08 NDCG@20: 0.2084 
i<=15 Recall@5: 0.1268 MRR@5: 0.063 NDCG@5: 0.0515 Recall@10: 0.2023 MRR@10: 0.0728 NDCG@10: 0.1238 Recall@20: 0.3054 MRR@20: 0.0799 NDCG@20: 0.2081 
i<=16 Recall@5: 0.1261 MRR@5: 0.0626 NDCG@5: 0.0493 Recall@10: 0.2015 MRR@10: 0.0725 NDCG@10: 0.1199 Recall@20: 0.304 MRR@20: 0.0795 NDCG@20: 0.2073 
i<=17 Recall@5: 0.1255 MRR@5: 0.0618 NDCG@5: 0.0474 Recall@10: 0.2006 MRR@10: 0.0716 NDCG@10: 0.1163 Recall@20: 0.3043 MRR@20: 0.0787 NDCG@20: 0.2075 
i<=18 Recall@5: 0.1256 MRR@5: 0.0614 NDCG@5: 0.0459 Recall@10: 0.2013 MRR@10: 0.0713 NDCG@10: 0.1134 Recall@20: 0.3044 MRR@20: 0.0784 NDCG@20: 0.2074 
i<=19 Recall@5: 0.1247 MRR@5: 0.061 NDCG@5: 0.0444 Recall@10: 0.2 MRR@10: 0.0709 NDCG@10: 0.1103 Recall@20: 0.3026 MRR@20: 0.0779 NDCG@20: 0.206 
i<=20 Recall@5: 0.1239 MRR@5: 0.0608 NDCG@5: 0.043 Recall@10: 0.1993 MRR@10: 0.0706 NDCG@10: 0.1073 Recall@20: 0.3025 MRR@20: 0.0777 NDCG@20: 0.2057 
i<=21 Recall@5: 0.1237 MRR@5: 0.0606 NDCG@5: 0.0419 Recall@10: 0.1992 MRR@10: 0.0705 NDCG@10: 0.1049 Recall@20: 0.3028 MRR@20: 0.0776 NDCG@20: 0.2048 
i<=22 Recall@5: 0.1236 MRR@5: 0.0604 NDCG@5: 0.0406 Recall@10: 0.1986 MRR@10: 0.0702 NDCG@10: 0.102 Recall@20: 0.3021 MRR@20: 0.0773 NDCG@20: 0.2027 
i<=23 Recall@5: 0.1229 MRR@5: 0.0602 NDCG@5: 0.0395 Recall@10: 0.1982 MRR@10: 0.0701 NDCG@10: 0.0996 Recall@20: 0.3017 MRR@20: 0.0772 NDCG@20: 0.2009 
i<=24 Recall@5: 0.1224 MRR@5: 0.0599 NDCG@5: 0.0385 Recall@10: 0.1983 MRR@10: 0.0699 NDCG@10: 0.0974 Recall@20: 0.3013 MRR@20: 0.0769 NDCG@20: 0.1987 
i<=25 Recall@5: 0.1224 MRR@5: 0.06 NDCG@5: 0.0375 Recall@10: 0.1984 MRR@10: 0.0699 NDCG@10: 0.0952 Recall@20: 0.3013 MRR@20: 0.0769 NDCG@20: 0.1965 
i<=26 Recall@5: 0.1222 MRR@5: 0.0598 NDCG@5: 0.0366 Recall@10: 0.198 MRR@10: 0.0697 NDCG@10: 0.0932 Recall@20: 0.3008 MRR@20: 0.0767 NDCG@20: 0.194 
i<=27 Recall@5: 0.1218 MRR@5: 0.0596 NDCG@5: 0.0357 Recall@10: 0.1979 MRR@10: 0.0695 NDCG@10: 0.0913 Recall@20: 0.3008 MRR@20: 0.0765 NDCG@20: 0.1917 
i<=28 Recall@5: 0.1214 MRR@5: 0.0594 NDCG@5: 0.0349 Recall@10: 0.1973 MRR@10: 0.0693 NDCG@10: 0.0894 Recall@20: 0.2999 MRR@20: 0.0763 NDCG@20: 0.1889 
i<=29 Recall@5: 0.1207 MRR@5: 0.059 NDCG@5: 0.0342 Recall@10: 0.1968 MRR@10: 0.0689 NDCG@10: 0.0876 Recall@20: 0.2995 MRR@20: 0.0759 NDCG@20: 0.1861 
i<=30 Recall@5: 0.1208 MRR@5: 0.0591 NDCG@5: 0.0335 Recall@10: 0.1963 MRR@10: 0.0689 NDCG@10: 0.086 Recall@20: 0.2992 MRR@20: 0.076 NDCG@20: 0.1837 
i<=31 Recall@5: 0.12 MRR@5: 0.0587 NDCG@5: 0.0329 Recall@10: 0.1957 MRR@10: 0.0686 NDCG@10: 0.0845 Recall@20: 0.2989 MRR@20: 0.0757 NDCG@20: 0.1816 
i<=32 Recall@5: 0.1199 MRR@5: 0.0587 NDCG@5: 0.0323 Recall@10: 0.1953 MRR@10: 0.0686 NDCG@10: 0.0831 Recall@20: 0.2987 MRR@20: 0.0756 NDCG@20: 0.1795 
i<=33 Recall@5: 0.1194 MRR@5: 0.0587 NDCG@5: 0.0317 Recall@10: 0.1946 MRR@10: 0.0685 NDCG@10: 0.0818 Recall@20: 0.2977 MRR@20: 0.0755 NDCG@20: 0.1772 
i<=34 Recall@5: 0.1193 MRR@5: 0.0587 NDCG@5: 0.0312 Recall@10: 0.1943 MRR@10: 0.0685 NDCG@10: 0.0805 Recall@20: 0.2977 MRR@20: 0.0756 NDCG@20: 0.175 
i<=35 Recall@5: 0.119 MRR@5: 0.0586 NDCG@5: 0.0307 Recall@10: 0.1942 MRR@10: 0.0684 NDCG@10: 0.0793 Recall@20: 0.2979 MRR@20: 0.0755 NDCG@20: 0.1731 
i<=36 Recall@5: 0.1191 MRR@5: 0.0587 NDCG@5: 0.0302 Recall@10: 0.1942 MRR@10: 0.0684 NDCG@10: 0.0781 Recall@20: 0.2982 MRR@20: 0.0755 NDCG@20: 0.1712 
i<=37 Recall@5: 0.1187 MRR@5: 0.0584 NDCG@5: 0.0298 Recall@10: 0.1936 MRR@10: 0.0681 NDCG@10: 0.077 Recall@20: 0.2978 MRR@20: 0.0752 NDCG@20: 0.1694 
i<=38 Recall@5: 0.1187 MRR@5: 0.0584 NDCG@5: 0.0294 Recall@10: 0.1933 MRR@10: 0.0681 NDCG@10: 0.076 Recall@20: 0.2972 MRR@20: 0.0752 NDCG@20: 0.1675 
i<=39 Recall@5: 0.1186 MRR@5: 0.0584 NDCG@5: 0.029 Recall@10: 0.1931 MRR@10: 0.0681 NDCG@10: 0.0749 Recall@20: 0.2972 MRR@20: 0.0752 NDCG@20: 0.1658 
i<=40 Recall@5: 0.1181 MRR@5: 0.0582 NDCG@5: 0.0286 Recall@10: 0.1925 MRR@10: 0.0678 NDCG@10: 0.074 Recall@20: 0.2963 MRR@20: 0.075 NDCG@20: 0.164 
