INFO:root:2023-01-04 00:42:42.634363
------------------------------------------
DATASET: MovieLens-1M | MODEL: LCII_ver_original_dropout_0.9
SWITCH_INITIAL_STATE: True | USE_FC_IN_INPUT-SUM: False
STRATEGY: original | FUSION_WAY: none | SWITCH_PLOT: attention_gate_dot
ADJACENT_WINDOW_RATIO(0-100%): 0 | LONG_TERM_SCORE: no_use | SHORT_TERM_SCORE: no_use
DROPOUT: 0.9 | LEARNING_RATE: 0.01 | BATCHSIZE: 100 | SEED: 0
OUTER_RNN_SIZE: 80 | INNER_RNN_SIZE: 80 | EMBEDDING_SIZE: 80
TRAIN_N_SESSIONS: 2096 | N_ITEMS: 3328 | N_LAYERS: 1 | SEQLEN: 199 | MAX_EPOCHS: 200
------------------------------------------

WARNING:tensorflow:From <ipython-input-4-43e524cda2f1>:132: GRUCell.__init__ (from tensorflow.python.ops.rnn_cell_impl) is deprecated and will be removed in a future version.
Instructions for updating:
This class is equivalent as tf.keras.layers.GRUCell, and will be replaced by that in Tensorflow 2.0.
WARNING:tensorflow:From <ipython-input-4-43e524cda2f1>:135: dynamic_rnn (from tensorflow.python.ops.rnn) is deprecated and will be removed in a future version.
Instructions for updating:
Please use `keras.layers.RNN(cell)`, which is equivalent to this API
WARNING:tensorflow:From C:\Users\Jun\Anaconda3\envs\Jun-model\lib\site-packages\tensorflow\python\ops\init_ops.py:1251: calling VarianceScaling.__init__ (from tensorflow.python.ops.init_ops) with dtype is deprecated and will be removed in a future version.
Instructions for updating:
Call initializer instance with the dtype argument instead of passing it to the constructor
WARNING:tensorflow:From C:\Users\Jun\Anaconda3\envs\Jun-model\lib\site-packages\tensorflow\python\ops\rnn_cell_impl.py:564: calling Constant.__init__ (from tensorflow.python.ops.init_ops) with dtype is deprecated and will be removed in a future version.
Instructions for updating:
Call initializer instance with the dtype argument instead of passing it to the constructor
WARNING:tensorflow:From C:\Users\Jun\Anaconda3\envs\Jun-model\lib\site-packages\tensorflow\python\ops\rnn_cell_impl.py:574: calling Zeros.__init__ (from tensorflow.python.ops.init_ops) with dtype is deprecated and will be removed in a future version.
Instructions for updating:
Call initializer instance with the dtype argument instead of passing it to the constructor
WARNING:tensorflow:From C:\Users\Jun\Anaconda3\envs\Jun-model\lib\site-packages\tensorflow\python\ops\rnn.py:244: add_dispatch_support.<locals>.wrapper (from tensorflow.python.ops.array_ops) is deprecated and will be removed in a future version.
Instructions for updating:
Use tf.where in 2.0, which has the same broadcast rule as np.where
WARNING:tensorflow:From <ipython-input-4-43e524cda2f1>:198: MultiRNNCell.__init__ (from tensorflow.python.ops.rnn_cell_impl) is deprecated and will be removed in a future version.
Instructions for updating:
This class is equivalent as tf.keras.layers.StackedRNNCells, and will be replaced by that in Tensorflow 2.0.
WARNING:tensorflow:From <ipython-input-4-43e524cda2f1>:222: to_float (from tensorflow.python.ops.math_ops) is deprecated and will be removed in a future version.
Instructions for updating:
Use `tf.cast` instead.
INFO:root:2023-01-04 03:02:25.832508
	Epoch #: 130
	Epoch loss: 24.34772300720215


i<=1 Recall@5: 0.1405 MRR@5: 0.0811 NDCG@5: 0.1053 Recall@10: 0.2155 MRR@10: 0.0908 NDCG@10: 0.1393 Recall@20: 0.2802 MRR@20: 0.0951 NDCG@20: 0.1647 
i<=2 Recall@5: 0.1351 MRR@5: 0.0766 NDCG@5: 0.1001 Recall@10: 0.1977 MRR@10: 0.0847 NDCG@10: 0.1297 Recall@20: 0.2644 MRR@20: 0.0892 NDCG@20: 0.1578 
i<=3 Recall@5: 0.1333 MRR@5: 0.0772 NDCG@5: 0.1 Recall@10: 0.1956 MRR@10: 0.0853 NDCG@10: 0.129 Recall@20: 0.2675 MRR@20: 0.0901 NDCG@20: 0.1612 
i<=4 Recall@5: 0.1294 MRR@5: 0.0731 NDCG@5: 0.0955 Recall@10: 0.1925 MRR@10: 0.0813 NDCG@10: 0.1264 Recall@20: 0.2703 MRR@20: 0.0865 NDCG@20: 0.1628 
i<=5 Recall@5: 0.1279 MRR@5: 0.072 NDCG@5: 0.0937 Recall@10: 0.1892 MRR@10: 0.08 NDCG@10: 0.1248 Recall@20: 0.2672 MRR@20: 0.0852 NDCG@20: 0.1625 
i<=6 Recall@5: 0.1259 MRR@5: 0.0709 NDCG@5: 0.085 Recall@10: 0.1878 MRR@10: 0.0789 NDCG@10: 0.1241 Recall@20: 0.2696 MRR@20: 0.0845 NDCG@20: 0.1648 
i<=7 Recall@5: 0.1244 MRR@5: 0.07 NDCG@5: 0.0775 Recall@10: 0.1879 MRR@10: 0.0782 NDCG@10: 0.1238 Recall@20: 0.2698 MRR@20: 0.0838 NDCG@20: 0.1659 
i<=8 Recall@5: 0.1212 MRR@5: 0.0673 NDCG@5: 0.0708 Recall@10: 0.1832 MRR@10: 0.0754 NDCG@10: 0.1205 Recall@20: 0.2652 MRR@20: 0.081 NDCG@20: 0.164 
i<=9 Recall@5: 0.1197 MRR@5: 0.0667 NDCG@5: 0.0651 Recall@10: 0.1823 MRR@10: 0.0748 NDCG@10: 0.1194 Recall@20: 0.2648 MRR@20: 0.0804 NDCG@20: 0.1645 
i<=10 Recall@5: 0.1198 MRR@5: 0.0665 NDCG@5: 0.0608 Recall@10: 0.1831 MRR@10: 0.0747 NDCG@10: 0.119 Recall@20: 0.2657 MRR@20: 0.0803 NDCG@20: 0.1656 
i<=11 Recall@5: 0.1187 MRR@5: 0.0654 NDCG@5: 0.0571 Recall@10: 0.1815 MRR@10: 0.0736 NDCG@10: 0.115 Recall@20: 0.2643 MRR@20: 0.0792 NDCG@20: 0.165 
i<=12 Recall@5: 0.1186 MRR@5: 0.0648 NDCG@5: 0.0538 Recall@10: 0.1815 MRR@10: 0.073 NDCG@10: 0.1112 Recall@20: 0.2638 MRR@20: 0.0786 NDCG@20: 0.1652 
i<=13 Recall@5: 0.1175 MRR@5: 0.0642 NDCG@5: 0.0509 Recall@10: 0.1793 MRR@10: 0.0723 NDCG@10: 0.107 Recall@20: 0.262 MRR@20: 0.0779 NDCG@20: 0.1643 
i<=14 Recall@5: 0.1177 MRR@5: 0.0645 NDCG@5: 0.0484 Recall@10: 0.1807 MRR@10: 0.0726 NDCG@10: 0.1042 Recall@20: 0.2636 MRR@20: 0.0783 NDCG@20: 0.1653 
i<=15 Recall@5: 0.118 MRR@5: 0.0647 NDCG@5: 0.0463 Recall@10: 0.1813 MRR@10: 0.0729 NDCG@10: 0.1012 Recall@20: 0.2642 MRR@20: 0.0786 NDCG@20: 0.1657 
i<=16 Recall@5: 0.1172 MRR@5: 0.0642 NDCG@5: 0.0442 Recall@10: 0.1808 MRR@10: 0.0724 NDCG@10: 0.0977 Recall@20: 0.2639 MRR@20: 0.0781 NDCG@20: 0.1656 
i<=17 Recall@5: 0.1163 MRR@5: 0.0637 NDCG@5: 0.0424 Recall@10: 0.18 MRR@10: 0.072 NDCG@10: 0.0949 Recall@20: 0.2635 MRR@20: 0.0777 NDCG@20: 0.1653 
i<=18 Recall@5: 0.1161 MRR@5: 0.0631 NDCG@5: 0.0408 Recall@10: 0.1802 MRR@10: 0.0714 NDCG@10: 0.0924 Recall@20: 0.2635 MRR@20: 0.0771 NDCG@20: 0.1652 
i<=19 Recall@5: 0.1157 MRR@5: 0.0628 NDCG@5: 0.0394 Recall@10: 0.1791 MRR@10: 0.071 NDCG@10: 0.0897 Recall@20: 0.2624 MRR@20: 0.0767 NDCG@20: 0.1642 
i<=20 Recall@5: 0.1156 MRR@5: 0.0629 NDCG@5: 0.0382 Recall@10: 0.1789 MRR@10: 0.0711 NDCG@10: 0.0873 Recall@20: 0.2627 MRR@20: 0.0769 NDCG@20: 0.1639 
i<=21 Recall@5: 0.115 MRR@5: 0.0626 NDCG@5: 0.0371 Recall@10: 0.178 MRR@10: 0.0708 NDCG@10: 0.0851 Recall@20: 0.2624 MRR@20: 0.0765 NDCG@20: 0.1621 
i<=22 Recall@5: 0.1147 MRR@5: 0.0624 NDCG@5: 0.0361 Recall@10: 0.1776 MRR@10: 0.0706 NDCG@10: 0.0829 Recall@20: 0.262 MRR@20: 0.0764 NDCG@20: 0.1605 
i<=23 Recall@5: 0.1143 MRR@5: 0.062 NDCG@5: 0.0351 Recall@10: 0.1773 MRR@10: 0.0702 NDCG@10: 0.0808 Recall@20: 0.2621 MRR@20: 0.076 NDCG@20: 0.159 
i<=24 Recall@5: 0.1141 MRR@5: 0.062 NDCG@5: 0.0341 Recall@10: 0.1769 MRR@10: 0.0702 NDCG@10: 0.079 Recall@20: 0.2619 MRR@20: 0.076 NDCG@20: 0.1572 
i<=25 Recall@5: 0.1138 MRR@5: 0.0618 NDCG@5: 0.0333 Recall@10: 0.1763 MRR@10: 0.0699 NDCG@10: 0.0772 Recall@20: 0.2615 MRR@20: 0.0757 NDCG@20: 0.1553 
i<=26 Recall@5: 0.1138 MRR@5: 0.0616 NDCG@5: 0.0325 Recall@10: 0.1757 MRR@10: 0.0696 NDCG@10: 0.0755 Recall@20: 0.2606 MRR@20: 0.0754 NDCG@20: 0.1529 
i<=27 Recall@5: 0.1136 MRR@5: 0.0615 NDCG@5: 0.0317 Recall@10: 0.1754 MRR@10: 0.0696 NDCG@10: 0.074 Recall@20: 0.26 MRR@20: 0.0754 NDCG@20: 0.1508 
i<=28 Recall@5: 0.1127 MRR@5: 0.0611 NDCG@5: 0.031 Recall@10: 0.1745 MRR@10: 0.0692 NDCG@10: 0.0724 Recall@20: 0.2587 MRR@20: 0.0749 NDCG@20: 0.1486 
i<=29 Recall@5: 0.1125 MRR@5: 0.0608 NDCG@5: 0.0304 Recall@10: 0.1742 MRR@10: 0.0689 NDCG@10: 0.071 Recall@20: 0.2578 MRR@20: 0.0746 NDCG@20: 0.1466 
i<=30 Recall@5: 0.1128 MRR@5: 0.0609 NDCG@5: 0.0298 Recall@10: 0.1743 MRR@10: 0.069 NDCG@10: 0.0697 Recall@20: 0.2577 MRR@20: 0.0747 NDCG@20: 0.1447 
i<=31 Recall@5: 0.1121 MRR@5: 0.0604 NDCG@5: 0.0292 Recall@10: 0.1733 MRR@10: 0.0684 NDCG@10: 0.0686 Recall@20: 0.2571 MRR@20: 0.0742 NDCG@20: 0.1429 
i<=32 Recall@5: 0.1122 MRR@5: 0.0605 NDCG@5: 0.0287 Recall@10: 0.1733 MRR@10: 0.0685 NDCG@10: 0.0675 Recall@20: 0.257 MRR@20: 0.0742 NDCG@20: 0.1412 
i<=33 Recall@5: 0.1118 MRR@5: 0.0602 NDCG@5: 0.0282 Recall@10: 0.1726 MRR@10: 0.0682 NDCG@10: 0.0664 Recall@20: 0.2563 MRR@20: 0.0739 NDCG@20: 0.1395 
i<=34 Recall@5: 0.1116 MRR@5: 0.0601 NDCG@5: 0.0277 Recall@10: 0.1724 MRR@10: 0.068 NDCG@10: 0.0655 Recall@20: 0.2559 MRR@20: 0.0737 NDCG@20: 0.138 
i<=35 Recall@5: 0.1113 MRR@5: 0.06 NDCG@5: 0.0273 Recall@10: 0.172 MRR@10: 0.0679 NDCG@10: 0.0645 Recall@20: 0.2551 MRR@20: 0.0736 NDCG@20: 0.1364 
i<=36 Recall@5: 0.1111 MRR@5: 0.06 NDCG@5: 0.0269 Recall@10: 0.1719 MRR@10: 0.068 NDCG@10: 0.0636 Recall@20: 0.2553 MRR@20: 0.0737 NDCG@20: 0.135 
i<=37 Recall@5: 0.1111 MRR@5: 0.0599 NDCG@5: 0.0266 Recall@10: 0.1721 MRR@10: 0.0679 NDCG@10: 0.0628 Recall@20: 0.2553 MRR@20: 0.0736 NDCG@20: 0.1337 
i<=38 Recall@5: 0.1113 MRR@5: 0.0599 NDCG@5: 0.0262 Recall@10: 0.172 MRR@10: 0.0678 NDCG@10: 0.062 Recall@20: 0.2553 MRR@20: 0.0735 NDCG@20: 0.1322 
i<=39 Recall@5: 0.1112 MRR@5: 0.0597 NDCG@5: 0.0258 Recall@10: 0.172 MRR@10: 0.0677 NDCG@10: 0.0612 Recall@20: 0.255 MRR@20: 0.0734 NDCG@20: 0.1309 
i<=40 Recall@5: 0.1109 MRR@5: 0.0594 NDCG@5: 0.0255 Recall@10: 0.1714 MRR@10: 0.0673 NDCG@10: 0.0605 Recall@20: 0.2542 MRR@20: 0.073 NDCG@20: 0.1295 
i<=41 Recall@5: 0.1105 MRR@5: 0.0592 NDCG@5: 0.0252 Recall@10: 0.1712 MRR@10: 0.0671 NDCG@10: 0.0598 Recall@20: 0.2537 MRR@20: 0.0727 NDCG@20: 0.1282 
i<=42 Recall@5: 0.11 MRR@5: 0.0589 NDCG@5: 0.0249 Recall@10: 0.1704 MRR@10: 0.0668 NDCG@10: 0.0591 Recall@20: 0.2527 MRR@20: 0.0724 NDCG@20: 0.1268 
i<=43 Recall@5: 0.1098 MRR@5: 0.0586 NDCG@5: 0.0246 Recall@10: 0.17 MRR@10: 0.0665 NDCG@10: 0.0584 Recall@20: 0.2521 MRR@20: 0.0721 NDCG@20: 0.1256 
i<=44 Recall@5: 0.1094 MRR@5: 0.0584 NDCG@5: 0.0243 Recall@10: 0.1698 MRR@10: 0.0663 NDCG@10: 0.0578 Recall@20: 0.2517 MRR@20: 0.0719 NDCG@20: 0.1243 
i<=45 Recall@5: 0.109 MRR@5: 0.0582 NDCG@5: 0.024 Recall@10: 0.1693 MRR@10: 0.0661 NDCG@10: 0.0572 Recall@20: 0.2511 MRR@20: 0.0717 NDCG@20: 0.1231 
i<=46 Recall@5: 0.1088 MRR@5: 0.0581 NDCG@5: 0.0237 Recall@10: 0.169 MRR@10: 0.066 NDCG@10: 0.0566 Recall@20: 0.2509 MRR@20: 0.0716 NDCG@20: 0.122 
i<=47 Recall@5: 0.1087 MRR@5: 0.0582 NDCG@5: 0.0235 Recall@10: 0.169 MRR@10: 0.0661 NDCG@10: 0.0561 Recall@20: 0.2506 MRR@20: 0.0716 NDCG@20: 0.121 
i<=48 Recall@5: 0.1084 MRR@5: 0.058 NDCG@5: 0.0232 Recall@10: 0.1687 MRR@10: 0.0659 NDCG@10: 0.0555 Recall@20: 0.2503 MRR@20: 0.0714 NDCG@20: 0.12 
i<=49 Recall@5: 0.1081 MRR@5: 0.0578 NDCG@5: 0.023 Recall@10: 0.1685 MRR@10: 0.0657 NDCG@10: 0.055 Recall@20: 0.25 MRR@20: 0.0713 NDCG@20: 0.1191 
i<=50 Recall@5: 0.1082 MRR@5: 0.0579 NDCG@5: 0.0228 Recall@10: 0.1685 MRR@10: 0.0658 NDCG@10: 0.0545 Recall@20: 0.2501 MRR@20: 0.0714 NDCG@20: 0.1182 
i<=51 Recall@5: 0.1081 MRR@5: 0.0578 NDCG@5: 0.0226 Recall@10: 0.1683 MRR@10: 0.0657 NDCG@10: 0.054 Recall@20: 0.2499 MRR@20: 0.0712 NDCG@20: 0.1172 
i<=52 Recall@5: 0.1077 MRR@5: 0.0575 NDCG@5: 0.0224 Recall@10: 0.1676 MRR@10: 0.0654 NDCG@10: 0.0536 Recall@20: 0.2493 MRR@20: 0.071 NDCG@20: 0.1164 
i<=53 Recall@5: 0.1077 MRR@5: 0.0575 NDCG@5: 0.0222 Recall@10: 0.1674 MRR@10: 0.0653 NDCG@10: 0.0531 Recall@20: 0.2492 MRR@20: 0.0709 NDCG@20: 0.1156 
i<=54 Recall@5: 0.1074 MRR@5: 0.0573 NDCG@5: 0.022 Recall@10: 0.1669 MRR@10: 0.0651 NDCG@10: 0.0527 Recall@20: 0.2484 MRR@20: 0.0707 NDCG@20: 0.1148 
i<=55 Recall@5: 0.107 MRR@5: 0.057 NDCG@5: 0.0219 Recall@10: 0.1665 MRR@10: 0.0648 NDCG@10: 0.0524 Recall@20: 0.2479 MRR@20: 0.0704 NDCG@20: 0.114 
i<=56 Recall@5: 0.1068 MRR@5: 0.0569 NDCG@5: 0.0217 Recall@10: 0.1661 MRR@10: 0.0646 NDCG@10: 0.052 Recall@20: 0.2474 MRR@20: 0.0702 NDCG@20: 0.1132 
i<=57 Recall@5: 0.1066 MRR@5: 0.0567 NDCG@5: 0.0215 Recall@10: 0.1659 MRR@10: 0.0645 NDCG@10: 0.0517 Recall@20: 0.2473 MRR@20: 0.0701 NDCG@20: 0.1125 
i<=58 Recall@5: 0.1063 MRR@5: 0.0566 NDCG@5: 0.0214 Recall@10: 0.1657 MRR@10: 0.0643 NDCG@10: 0.0513 Recall@20: 0.2469 MRR@20: 0.0699 NDCG@20: 0.1118 
i<=59 Recall@5: 0.106 MRR@5: 0.0565 NDCG@5: 0.0212 Recall@10: 0.1653 MRR@10: 0.0642 NDCG@10: 0.051 Recall@20: 0.2463 MRR@20: 0.0698 NDCG@20: 0.1111 
i<=60 Recall@5: 0.1058 MRR@5: 0.0564 NDCG@5: 0.0211 Recall@10: 0.1649 MRR@10: 0.0641 NDCG@10: 0.0506 Recall@20: 0.2461 MRR@20: 0.0696 NDCG@20: 0.1105 
i<=61 Recall@5: 0.1056 MRR@5: 0.0562 NDCG@5: 0.0209 Recall@10: 0.1646 MRR@10: 0.0639 NDCG@10: 0.0503 Recall@20: 0.2457 MRR@20: 0.0694 NDCG@20: 0.1099 
i<=62 Recall@5: 0.1054 MRR@5: 0.056 NDCG@5: 0.0208 Recall@10: 0.1643 MRR@10: 0.0638 NDCG@10: 0.05 Recall@20: 0.2455 MRR@20: 0.0693 NDCG@20: 0.1092 
i<=63 Recall@5: 0.1053 MRR@5: 0.056 NDCG@5: 0.0207 Recall@10: 0.1642 MRR@10: 0.0638 NDCG@10: 0.0496 Recall@20: 0.2456 MRR@20: 0.0693 NDCG@20: 0.1086 
i<=64 Recall@5: 0.1052 MRR@5: 0.056 NDCG@5: 0.0205 Recall@10: 0.1642 MRR@10: 0.0637 NDCG@10: 0.0493 Recall@20: 0.2455 MRR@20: 0.0692 NDCG@20: 0.108 
i<=65 Recall@5: 0.105 MRR@5: 0.0559 NDCG@5: 0.0204 Recall@10: 0.164 MRR@10: 0.0636 NDCG@10: 0.0491 Recall@20: 0.2452 MRR@20: 0.0691 NDCG@20: 0.1075 
i<=66 Recall@5: 0.1049 MRR@5: 0.0558 NDCG@5: 0.0203 Recall@10: 0.1638 MRR@10: 0.0635 NDCG@10: 0.0488 Recall@20: 0.245 MRR@20: 0.0691 NDCG@20: 0.1069 
i<=67 Recall@5: 0.105 MRR@5: 0.0558 NDCG@5: 0.0202 Recall@10: 0.1637 MRR@10: 0.0635 NDCG@10: 0.0485 Recall@20: 0.2447 MRR@20: 0.069 NDCG@20: 0.1064 
i<=68 Recall@5: 0.1048 MRR@5: 0.0557 NDCG@5: 0.0201 Recall@10: 0.1635 MRR@10: 0.0633 NDCG@10: 0.0482 Recall@20: 0.2442 MRR@20: 0.0689 NDCG@20: 0.1058 
i<=69 Recall@5: 0.1045 MRR@5: 0.0555 NDCG@5: 0.0199 Recall@10: 0.1633 MRR@10: 0.0632 NDCG@10: 0.048 Recall@20: 0.2441 MRR@20: 0.0688 NDCG@20: 0.1053 
i<=70 Recall@5: 0.1045 MRR@5: 0.0555 NDCG@5: 0.0198 Recall@10: 0.1631 MRR@10: 0.0632 NDCG@10: 0.0477 Recall@20: 0.2439 MRR@20: 0.0687 NDCG@20: 0.1049 
i<=71 Recall@5: 0.1045 MRR@5: 0.0555 NDCG@5: 0.0197 Recall@10: 0.163 MRR@10: 0.0632 NDCG@10: 0.0475 Recall@20: 0.2438 MRR@20: 0.0687 NDCG@20: 0.1045 
i<=72 Recall@5: 0.1043 MRR@5: 0.0554 NDCG@5: 0.0197 Recall@10: 0.1627 MRR@10: 0.063 NDCG@10: 0.0473 Recall@20: 0.2433 MRR@20: 0.0685 NDCG@20: 0.104 
i<=73 Recall@5: 0.1043 MRR@5: 0.0553 NDCG@5: 0.0196 Recall@10: 0.1626 MRR@10: 0.0629 NDCG@10: 0.0471 Recall@20: 0.2431 MRR@20: 0.0684 NDCG@20: 0.1036 
i<=74 Recall@5: 0.104 MRR@5: 0.0551 NDCG@5: 0.0195 Recall@10: 0.1624 MRR@10: 0.0628 NDCG@10: 0.0469 Recall@20: 0.2429 MRR@20: 0.0683 NDCG@20: 0.1031 
i<=75 Recall@5: 0.1038 MRR@5: 0.055 NDCG@5: 0.0194 Recall@10: 0.1622 MRR@10: 0.0627 NDCG@10: 0.0467 Recall@20: 0.2425 MRR@20: 0.0682 NDCG@20: 0.1027 
i<=76 Recall@5: 0.1037 MRR@5: 0.055 NDCG@5: 0.0193 Recall@10: 0.162 MRR@10: 0.0626 NDCG@10: 0.0465 Recall@20: 0.2424 MRR@20: 0.0681 NDCG@20: 0.1023 
i<=77 Recall@5: 0.1037 MRR@5: 0.055 NDCG@5: 0.0192 Recall@10: 0.1619 MRR@10: 0.0626 NDCG@10: 0.0463 Recall@20: 0.2421 MRR@20: 0.0681 NDCG@20: 0.1018 
i<=78 Recall@5: 0.1036 MRR@5: 0.055 NDCG@5: 0.0191 Recall@10: 0.1617 MRR@10: 0.0626 NDCG@10: 0.0461 Recall@20: 0.2421 MRR@20: 0.068 NDCG@20: 0.1015 
i<=79 Recall@5: 0.1035 MRR@5: 0.0549 NDCG@5: 0.019 Recall@10: 0.1616 MRR@10: 0.0625 NDCG@10: 0.0459 Recall@20: 0.2419 MRR@20: 0.068 NDCG@20: 0.1011 
i<=80 Recall@5: 0.1035 MRR@5: 0.0548 NDCG@5: 0.019 Recall@10: 0.1617 MRR@10: 0.0625 NDCG@10: 0.0457 Recall@20: 0.2419 MRR@20: 0.0679 NDCG@20: 0.1007 
i<=81 Recall@5: 0.1033 MRR@5: 0.0547 NDCG@5: 0.0189 Recall@10: 0.1616 MRR@10: 0.0624 NDCG@10: 0.0456 Recall@20: 0.2419 MRR@20: 0.0678 NDCG@20: 0.1003 
i<=82 Recall@5: 0.1031 MRR@5: 0.0546 NDCG@5: 0.0188 Recall@10: 0.1614 MRR@10: 0.0622 NDCG@10: 0.0454 Recall@20: 0.2418 MRR@20: 0.0677 NDCG@20: 0.1 
i<=83 Recall@5: 0.1029 MRR@5: 0.0545 NDCG@5: 0.0188 Recall@10: 0.1611 MRR@10: 0.0621 NDCG@10: 0.0452 Recall@20: 0.2415 MRR@20: 0.0676 NDCG@20: 0.0996 
i<=84 Recall@5: 0.1028 MRR@5: 0.0545 NDCG@5: 0.0187 Recall@10: 0.1608 MRR@10: 0.062 NDCG@10: 0.0451 Recall@20: 0.2413 MRR@20: 0.0675 NDCG@20: 0.0993 
i<=85 Recall@5: 0.1025 MRR@5: 0.0543 NDCG@5: 0.0186 Recall@10: 0.1605 MRR@10: 0.0619 NDCG@10: 0.0449 Recall@20: 0.2408 MRR@20: 0.0674 NDCG@20: 0.0989 
i<=86 Recall@5: 0.1024 MRR@5: 0.0543 NDCG@5: 0.0185 Recall@10: 0.1605 MRR@10: 0.0619 NDCG@10: 0.0447 Recall@20: 0.2407 MRR@20: 0.0673 NDCG@20: 0.0986 
i<=87 Recall@5: 0.1024 MRR@5: 0.0543 NDCG@5: 0.0184 Recall@10: 0.1603 MRR@10: 0.0618 NDCG@10: 0.0445 Recall@20: 0.2409 MRR@20: 0.0673 NDCG@20: 0.0983 
i<=88 Recall@5: 0.1023 MRR@5: 0.0542 NDCG@5: 0.0184 Recall@10: 0.1601 MRR@10: 0.0618 NDCG@10: 0.0444 Recall@20: 0.2406 MRR@20: 0.0673 NDCG@20: 0.098 
i<=89 Recall@5: 0.1021 MRR@5: 0.0541 NDCG@5: 0.0183 Recall@10: 0.1598 MRR@10: 0.0616 NDCG@10: 0.0442 Recall@20: 0.2404 MRR@20: 0.0671 NDCG@20: 0.0977 
i<=90 Recall@5: 0.1021 MRR@5: 0.0541 NDCG@5: 0.0182 Recall@10: 0.1597 MRR@10: 0.0616 NDCG@10: 0.0441 Recall@20: 0.2403 MRR@20: 0.0671 NDCG@20: 0.0974 
i<=91 Recall@5: 0.102 MRR@5: 0.054 NDCG@5: 0.0182 Recall@10: 0.1596 MRR@10: 0.0616 NDCG@10: 0.0439 Recall@20: 0.2401 MRR@20: 0.0671 NDCG@20: 0.0971 
i<=92 Recall@5: 0.1018 MRR@5: 0.0539 NDCG@5: 0.0181 Recall@10: 0.1593 MRR@10: 0.0615 NDCG@10: 0.0438 Recall@20: 0.2398 MRR@20: 0.067 NDCG@20: 0.0968 
i<=93 Recall@5: 0.1017 MRR@5: 0.0538 NDCG@5: 0.018 Recall@10: 0.1592 MRR@10: 0.0613 NDCG@10: 0.0437 Recall@20: 0.2396 MRR@20: 0.0668 NDCG@20: 0.0965 
i<=94 Recall@5: 0.1016 MRR@5: 0.0537 NDCG@5: 0.018 Recall@10: 0.1589 MRR@10: 0.0612 NDCG@10: 0.0435 Recall@20: 0.2393 MRR@20: 0.0667 NDCG@20: 0.0962 
i<=95 Recall@5: 0.1014 MRR@5: 0.0537 NDCG@5: 0.0179 Recall@10: 0.1588 MRR@10: 0.0612 NDCG@10: 0.0434 Recall@20: 0.2392 MRR@20: 0.0667 NDCG@20: 0.096 
i<=96 Recall@5: 0.1014 MRR@5: 0.0536 NDCG@5: 0.0179 Recall@10: 0.1587 MRR@10: 0.0612 NDCG@10: 0.0432 Recall@20: 0.2391 MRR@20: 0.0666 NDCG@20: 0.0957 
i<=97 Recall@5: 0.1014 MRR@5: 0.0537 NDCG@5: 0.0178 Recall@10: 0.1587 MRR@10: 0.0612 NDCG@10: 0.0431 Recall@20: 0.239 MRR@20: 0.0667 NDCG@20: 0.0954 
i<=98 Recall@5: 0.1012 MRR@5: 0.0536 NDCG@5: 0.0178 Recall@10: 0.1585 MRR@10: 0.0611 NDCG@10: 0.043 Recall@20: 0.2388 MRR@20: 0.0666 NDCG@20: 0.0952 
i<=99 Recall@5: 0.1011 MRR@5: 0.0535 NDCG@5: 0.0177 Recall@10: 0.1584 MRR@10: 0.061 NDCG@10: 0.0429 Recall@20: 0.2386 MRR@20: 0.0665 NDCG@20: 0.095 
i<=100 Recall@5: 0.101 MRR@5: 0.0535 NDCG@5: 0.0177 Recall@10: 0.1582 MRR@10: 0.061 NDCG@10: 0.0428 Recall@20: 0.2385 MRR@20: 0.0664 NDCG@20: 0.0947 
i<=101 Recall@5: 0.1009 MRR@5: 0.0534 NDCG@5: 0.0176 Recall@10: 0.158 MRR@10: 0.0609 NDCG@10: 0.0427 Recall@20: 0.2383 MRR@20: 0.0664 NDCG@20: 0.0945 
i<=102 Recall@5: 0.1008 MRR@5: 0.0533 NDCG@5: 0.0176 Recall@10: 0.158 MRR@10: 0.0608 NDCG@10: 0.0425 Recall@20: 0.2382 MRR@20: 0.0663 NDCG@20: 0.0943 
i<=103 Recall@5: 0.1009 MRR@5: 0.0534 NDCG@5: 0.0175 Recall@10: 0.158 MRR@10: 0.0609 NDCG@10: 0.0424 Recall@20: 0.2384 MRR@20: 0.0664 NDCG@20: 0.0941 
i<=104 Recall@5: 0.1006 MRR@5: 0.0533 NDCG@5: 0.0175 Recall@10: 0.1577 MRR@10: 0.0607 NDCG@10: 0.0423 Recall@20: 0.238 MRR@20: 0.0662 NDCG@20: 0.0938 
i<=105 Recall@5: 0.1005 MRR@5: 0.0532 NDCG@5: 0.0174 Recall@10: 0.1577 MRR@10: 0.0607 NDCG@10: 0.0422 Recall@20: 0.238 MRR@20: 0.0662 NDCG@20: 0.0936 
i<=106 Recall@5: 0.1004 MRR@5: 0.0532 NDCG@5: 0.0174 Recall@10: 0.1575 MRR@10: 0.0606 NDCG@10: 0.0421 Recall@20: 0.2378 MRR@20: 0.0661 NDCG@20: 0.0934 
i<=107 Recall@5: 0.1003 MRR@5: 0.0531 NDCG@5: 0.0173 Recall@10: 0.1574 MRR@10: 0.0606 NDCG@10: 0.042 Recall@20: 0.2376 MRR@20: 0.0661 NDCG@20: 0.0932 
i<=108 Recall@5: 0.1002 MRR@5: 0.0531 NDCG@5: 0.0173 Recall@10: 0.1574 MRR@10: 0.0606 NDCG@10: 0.0419 Recall@20: 0.2376 MRR@20: 0.0661 NDCG@20: 0.093 
i<=109 Recall@5: 0.1002 MRR@5: 0.0531 NDCG@5: 0.0172 Recall@10: 0.1573 MRR@10: 0.0606 NDCG@10: 0.0418 Recall@20: 0.2376 MRR@20: 0.0661 NDCG@20: 0.0928 
i<=110 Recall@5: 0.1001 MRR@5: 0.0531 NDCG@5: 0.0172 Recall@10: 0.1571 MRR@10: 0.0605 NDCG@10: 0.0417 Recall@20: 0.2375 MRR@20: 0.066 NDCG@20: 0.0925 
i<=111 Recall@5: 0.1 MRR@5: 0.053 NDCG@5: 0.0171 Recall@10: 0.1569 MRR@10: 0.0605 NDCG@10: 0.0416 Recall@20: 0.2372 MRR@20: 0.066 NDCG@20: 0.0923 
i<=112 Recall@5: 0.0999 MRR@5: 0.053 NDCG@5: 0.0171 Recall@10: 0.1568 MRR@10: 0.0605 NDCG@10: 0.0415 Recall@20: 0.237 MRR@20: 0.0659 NDCG@20: 0.0921 
i<=113 Recall@5: 0.0998 MRR@5: 0.053 NDCG@5: 0.0171 Recall@10: 0.1567 MRR@10: 0.0604 NDCG@10: 0.0414 Recall@20: 0.2369 MRR@20: 0.0659 NDCG@20: 0.0919 
i<=114 Recall@5: 0.0997 MRR@5: 0.0529 NDCG@5: 0.017 Recall@10: 0.1566 MRR@10: 0.0604 NDCG@10: 0.0413 Recall@20: 0.2368 MRR@20: 0.0659 NDCG@20: 0.0918 
i<=115 Recall@5: 0.0996 MRR@5: 0.0528 NDCG@5: 0.017 Recall@10: 0.1565 MRR@10: 0.0603 NDCG@10: 0.0412 Recall@20: 0.2366 MRR@20: 0.0658 NDCG@20: 0.0916 
i<=116 Recall@5: 0.0995 MRR@5: 0.0528 NDCG@5: 0.017 Recall@10: 0.1563 MRR@10: 0.0603 NDCG@10: 0.0412 Recall@20: 0.2364 MRR@20: 0.0657 NDCG@20: 0.0914 
i<=117 Recall@5: 0.0994 MRR@5: 0.0527 NDCG@5: 0.0169 Recall@10: 0.1563 MRR@10: 0.0602 NDCG@10: 0.0411 Recall@20: 0.2363 MRR@20: 0.0656 NDCG@20: 0.0912 
i<=118 Recall@5: 0.0994 MRR@5: 0.0527 NDCG@5: 0.0169 Recall@10: 0.1562 MRR@10: 0.0601 NDCG@10: 0.041 Recall@20: 0.2362 MRR@20: 0.0656 NDCG@20: 0.0911 
i<=119 Recall@5: 0.0993 MRR@5: 0.0526 NDCG@5: 0.0168 Recall@10: 0.1561 MRR@10: 0.06 NDCG@10: 0.0409 Recall@20: 0.236 MRR@20: 0.0655 NDCG@20: 0.0909 
i<=120 Recall@5: 0.0991 MRR@5: 0.0526 NDCG@5: 0.0168 Recall@10: 0.1559 MRR@10: 0.06 NDCG@10: 0.0409 Recall@20: 0.2357 MRR@20: 0.0654 NDCG@20: 0.0907 
i<=121 Recall@5: 0.0991 MRR@5: 0.0525 NDCG@5: 0.0168 Recall@10: 0.1558 MRR@10: 0.0599 NDCG@10: 0.0408 Recall@20: 0.2356 MRR@20: 0.0654 NDCG@20: 0.0906 
i<=122 Recall@5: 0.099 MRR@5: 0.0525 NDCG@5: 0.0168 Recall@10: 0.1557 MRR@10: 0.0599 NDCG@10: 0.0407 Recall@20: 0.2354 MRR@20: 0.0654 NDCG@20: 0.0904 
i<=123 Recall@5: 0.099 MRR@5: 0.0524 NDCG@5: 0.0167 Recall@10: 0.1556 MRR@10: 0.0598 NDCG@10: 0.0407 Recall@20: 0.2353 MRR@20: 0.0653 NDCG@20: 0.0903 
i<=124 Recall@5: 0.0989 MRR@5: 0.0524 NDCG@5: 0.0167 Recall@10: 0.1554 MRR@10: 0.0598 NDCG@10: 0.0406 Recall@20: 0.2351 MRR@20: 0.0652 NDCG@20: 0.0901 
i<=125 Recall@5: 0.0988 MRR@5: 0.0523 NDCG@5: 0.0167 Recall@10: 0.1553 MRR@10: 0.0597 NDCG@10: 0.0406 Recall@20: 0.235 MRR@20: 0.0652 NDCG@20: 0.09 
i<=126 Recall@5: 0.0987 MRR@5: 0.0523 NDCG@5: 0.0167 Recall@10: 0.1552 MRR@10: 0.0597 NDCG@10: 0.0405 Recall@20: 0.2349 MRR@20: 0.0651 NDCG@20: 0.0898 
i<=127 Recall@5: 0.0986 MRR@5: 0.0522 NDCG@5: 0.0166 Recall@10: 0.1551 MRR@10: 0.0596 NDCG@10: 0.0404 Recall@20: 0.2347 MRR@20: 0.0651 NDCG@20: 0.0897 
i<=128 Recall@5: 0.0985 MRR@5: 0.0522 NDCG@5: 0.0166 Recall@10: 0.1551 MRR@10: 0.0596 NDCG@10: 0.0404 Recall@20: 0.2345 MRR@20: 0.065 NDCG@20: 0.0896 
i<=129 Recall@5: 0.0985 MRR@5: 0.0522 NDCG@5: 0.0166 Recall@10: 0.1551 MRR@10: 0.0596 NDCG@10: 0.0404 Recall@20: 0.2345 MRR@20: 0.065 NDCG@20: 0.0895 
i<=130 Recall@5: 0.0984 MRR@5: 0.0521 NDCG@5: 0.0165 Recall@10: 0.155 MRR@10: 0.0595 NDCG@10: 0.0403 Recall@20: 0.2344 MRR@20: 0.065 NDCG@20: 0.0894 
i<=131 Recall@5: 0.0985 MRR@5: 0.0521 NDCG@5: 0.0165 Recall@10: 0.155 MRR@10: 0.0595 NDCG@10: 0.0403 Recall@20: 0.2344 MRR@20: 0.065 NDCG@20: 0.0893 
i<=132 Recall@5: 0.0986 MRR@5: 0.0522 NDCG@5: 0.0165 Recall@10: 0.1552 MRR@10: 0.0596 NDCG@10: 0.0402 Recall@20: 0.2345 MRR@20: 0.065 NDCG@20: 0.0892 
i<=133 Recall@5: 0.0986 MRR@5: 0.0522 NDCG@5: 0.0165 Recall@10: 0.1551 MRR@10: 0.0596 NDCG@10: 0.0401 Recall@20: 0.2344 MRR@20: 0.065 NDCG@20: 0.0891 
i<=134 Recall@5: 0.0985 MRR@5: 0.0522 NDCG@5: 0.0164 Recall@10: 0.155 MRR@10: 0.0596 NDCG@10: 0.0401 Recall@20: 0.2343 MRR@20: 0.065 NDCG@20: 0.089 
i<=135 Recall@5: 0.0985 MRR@5: 0.0521 NDCG@5: 0.0164 Recall@10: 0.1549 MRR@10: 0.0595 NDCG@10: 0.04 Recall@20: 0.2342 MRR@20: 0.0649 NDCG@20: 0.0889 
i<=136 Recall@5: 0.0985 MRR@5: 0.0522 NDCG@5: 0.0164 Recall@10: 0.155 MRR@10: 0.0596 NDCG@10: 0.04 Recall@20: 0.2342 MRR@20: 0.065 NDCG@20: 0.0888 
i<=137 Recall@5: 0.0984 MRR@5: 0.0521 NDCG@5: 0.0164 Recall@10: 0.1548 MRR@10: 0.0595 NDCG@10: 0.0399 Recall@20: 0.2341 MRR@20: 0.0649 NDCG@20: 0.0887 
i<=138 Recall@5: 0.0985 MRR@5: 0.0521 NDCG@5: 0.0163 Recall@10: 0.1548 MRR@10: 0.0595 NDCG@10: 0.0399 Recall@20: 0.234 MRR@20: 0.0649 NDCG@20: 0.0886 
i<=139 Recall@5: 0.0984 MRR@5: 0.0521 NDCG@5: 0.0163 Recall@10: 0.1547 MRR@10: 0.0595 NDCG@10: 0.0398 Recall@20: 0.2339 MRR@20: 0.0649 NDCG@20: 0.0885 
i<=140 Recall@5: 0.0984 MRR@5: 0.0521 NDCG@5: 0.0163 Recall@10: 0.1547 MRR@10: 0.0595 NDCG@10: 0.0398 Recall@20: 0.2339 MRR@20: 0.0649 NDCG@20: 0.0884 
i<=141 Recall@5: 0.0984 MRR@5: 0.0521 NDCG@5: 0.0163 Recall@10: 0.1546 MRR@10: 0.0595 NDCG@10: 0.0397 Recall@20: 0.2337 MRR@20: 0.0649 NDCG@20: 0.0883 
i<=142 Recall@5: 0.0983 MRR@5: 0.0521 NDCG@5: 0.0163 Recall@10: 0.1546 MRR@10: 0.0594 NDCG@10: 0.0397 Recall@20: 0.2337 MRR@20: 0.0648 NDCG@20: 0.0882 
i<=143 Recall@5: 0.0983 MRR@5: 0.052 NDCG@5: 0.0162 Recall@10: 0.1545 MRR@10: 0.0594 NDCG@10: 0.0396 Recall@20: 0.2336 MRR@20: 0.0648 NDCG@20: 0.0881 
i<=144 Recall@5: 0.0982 MRR@5: 0.052 NDCG@5: 0.0162 Recall@10: 0.1545 MRR@10: 0.0594 NDCG@10: 0.0396 Recall@20: 0.2336 MRR@20: 0.0648 NDCG@20: 0.088 
i<=145 Recall@5: 0.0982 MRR@5: 0.052 NDCG@5: 0.0162 Recall@10: 0.1544 MRR@10: 0.0594 NDCG@10: 0.0395 Recall@20: 0.2334 MRR@20: 0.0647 NDCG@20: 0.0879 
i<=146 Recall@5: 0.0981 MRR@5: 0.0519 NDCG@5: 0.0162 Recall@10: 0.1543 MRR@10: 0.0593 NDCG@10: 0.0395 Recall@20: 0.2332 MRR@20: 0.0647 NDCG@20: 0.0878 
i<=147 Recall@5: 0.098 MRR@5: 0.0519 NDCG@5: 0.0162 Recall@10: 0.1542 MRR@10: 0.0593 NDCG@10: 0.0394 Recall@20: 0.2331 MRR@20: 0.0647 NDCG@20: 0.0877 
i<=148 Recall@5: 0.0979 MRR@5: 0.0519 NDCG@5: 0.0162 Recall@10: 0.1541 MRR@10: 0.0592 NDCG@10: 0.0394 Recall@20: 0.233 MRR@20: 0.0646 NDCG@20: 0.0876 
i<=149 Recall@5: 0.0979 MRR@5: 0.0518 NDCG@5: 0.0161 Recall@10: 0.154 MRR@10: 0.0592 NDCG@10: 0.0394 Recall@20: 0.2329 MRR@20: 0.0646 NDCG@20: 0.0875 
i<=150 Recall@5: 0.0978 MRR@5: 0.0518 NDCG@5: 0.0161 Recall@10: 0.154 MRR@10: 0.0592 NDCG@10: 0.0393 Recall@20: 0.2328 MRR@20: 0.0645 NDCG@20: 0.0874 
i<=151 Recall@5: 0.0978 MRR@5: 0.0518 NDCG@5: 0.0161 Recall@10: 0.154 MRR@10: 0.0591 NDCG@10: 0.0393 Recall@20: 0.2328 MRR@20: 0.0645 NDCG@20: 0.0874 
i<=152 Recall@5: 0.0978 MRR@5: 0.0517 NDCG@5: 0.0161 Recall@10: 0.1539 MRR@10: 0.0591 NDCG@10: 0.0392 Recall@20: 0.2327 MRR@20: 0.0645 NDCG@20: 0.0873 
i<=153 Recall@5: 0.0977 MRR@5: 0.0517 NDCG@5: 0.0161 Recall@10: 0.1538 MRR@10: 0.0591 NDCG@10: 0.0392 Recall@20: 0.2327 MRR@20: 0.0644 NDCG@20: 0.0872 
i<=154 Recall@5: 0.0977 MRR@5: 0.0517 NDCG@5: 0.0161 Recall@10: 0.1538 MRR@10: 0.059 NDCG@10: 0.0392 Recall@20: 0.2326 MRR@20: 0.0644 NDCG@20: 0.0871 
i<=155 Recall@5: 0.0977 MRR@5: 0.0517 NDCG@5: 0.0161 Recall@10: 0.1538 MRR@10: 0.059 NDCG@10: 0.0392 Recall@20: 0.2327 MRR@20: 0.0644 NDCG@20: 0.0871 
i<=156 Recall@5: 0.0977 MRR@5: 0.0517 NDCG@5: 0.016 Recall@10: 0.1538 MRR@10: 0.059 NDCG@10: 0.0391 Recall@20: 0.2326 MRR@20: 0.0644 NDCG@20: 0.087 
i<=157 Recall@5: 0.0977 MRR@5: 0.0517 NDCG@5: 0.016 Recall@10: 0.1538 MRR@10: 0.059 NDCG@10: 0.0391 Recall@20: 0.2326 MRR@20: 0.0644 NDCG@20: 0.0869 
i<=158 Recall@5: 0.0977 MRR@5: 0.0517 NDCG@5: 0.016 Recall@10: 0.1538 MRR@10: 0.0591 NDCG@10: 0.0391 Recall@20: 0.2326 MRR@20: 0.0644 NDCG@20: 0.0869 
i<=159 Recall@5: 0.0977 MRR@5: 0.0517 NDCG@5: 0.016 Recall@10: 0.1537 MRR@10: 0.059 NDCG@10: 0.039 Recall@20: 0.2325 MRR@20: 0.0644 NDCG@20: 0.0868 
i<=160 Recall@5: 0.0977 MRR@5: 0.0517 NDCG@5: 0.016 Recall@10: 0.1537 MRR@10: 0.059 NDCG@10: 0.039 Recall@20: 0.2325 MRR@20: 0.0644 NDCG@20: 0.0868 
i<=161 Recall@5: 0.0977 MRR@5: 0.0516 NDCG@5: 0.016 Recall@10: 0.1537 MRR@10: 0.059 NDCG@10: 0.039 Recall@20: 0.2325 MRR@20: 0.0643 NDCG@20: 0.0867 
i<=162 Recall@5: 0.0976 MRR@5: 0.0516 NDCG@5: 0.016 Recall@10: 0.1536 MRR@10: 0.0589 NDCG@10: 0.039 Recall@20: 0.2323 MRR@20: 0.0643 NDCG@20: 0.0867 
i<=163 Recall@5: 0.0976 MRR@5: 0.0516 NDCG@5: 0.016 Recall@10: 0.1536 MRR@10: 0.0589 NDCG@10: 0.0389 Recall@20: 0.2323 MRR@20: 0.0643 NDCG@20: 0.0866 
i<=164 Recall@5: 0.0976 MRR@5: 0.0516 NDCG@5: 0.0159 Recall@10: 0.1536 MRR@10: 0.0589 NDCG@10: 0.0389 Recall@20: 0.2323 MRR@20: 0.0643 NDCG@20: 0.0866 
i<=165 Recall@5: 0.0976 MRR@5: 0.0516 NDCG@5: 0.0159 Recall@10: 0.1536 MRR@10: 0.0589 NDCG@10: 0.0389 Recall@20: 0.2322 MRR@20: 0.0643 NDCG@20: 0.0865 
i<=166 Recall@5: 0.0976 MRR@5: 0.0516 NDCG@5: 0.0159 Recall@10: 0.1536 MRR@10: 0.0589 NDCG@10: 0.0389 Recall@20: 0.2322 MRR@20: 0.0643 NDCG@20: 0.0864 
i<=167 Recall@5: 0.0976 MRR@5: 0.0516 NDCG@5: 0.0159 Recall@10: 0.1536 MRR@10: 0.0589 NDCG@10: 0.0388 Recall@20: 0.2322 MRR@20: 0.0643 NDCG@20: 0.0864 
i<=168 Recall@5: 0.0976 MRR@5: 0.0516 NDCG@5: 0.0159 Recall@10: 0.1536 MRR@10: 0.0589 NDCG@10: 0.0388 Recall@20: 0.2322 MRR@20: 0.0643 NDCG@20: 0.0863 
i<=169 Recall@5: 0.0976 MRR@5: 0.0516 NDCG@5: 0.0159 Recall@10: 0.1536 MRR@10: 0.0589 NDCG@10: 0.0388 Recall@20: 0.2322 MRR@20: 0.0643 NDCG@20: 0.0863 
i<=170 Recall@5: 0.0976 MRR@5: 0.0516 NDCG@5: 0.0159 Recall@10: 0.1536 MRR@10: 0.0589 NDCG@10: 0.0388 Recall@20: 0.2321 MRR@20: 0.0643 NDCG@20: 0.0862 
i<=171 Recall@5: 0.0976 MRR@5: 0.0516 NDCG@5: 0.0159 Recall@10: 0.1535 MRR@10: 0.0589 NDCG@10: 0.0388 Recall@20: 0.2321 MRR@20: 0.0643 NDCG@20: 0.0862 
i<=172 Recall@5: 0.0976 MRR@5: 0.0516 NDCG@5: 0.0159 Recall@10: 0.1535 MRR@10: 0.0589 NDCG@10: 0.0387 Recall@20: 0.2321 MRR@20: 0.0643 NDCG@20: 0.0862 
i<=173 Recall@5: 0.0977 MRR@5: 0.0516 NDCG@5: 0.0159 Recall@10: 0.1535 MRR@10: 0.0589 NDCG@10: 0.0387 Recall@20: 0.2321 MRR@20: 0.0643 NDCG@20: 0.0861 
i<=174 Recall@5: 0.0976 MRR@5: 0.0516 NDCG@5: 0.0159 Recall@10: 0.1536 MRR@10: 0.0589 NDCG@10: 0.0387 Recall@20: 0.2321 MRR@20: 0.0643 NDCG@20: 0.0861 
i<=175 Recall@5: 0.0976 MRR@5: 0.0516 NDCG@5: 0.0159 Recall@10: 0.1535 MRR@10: 0.0589 NDCG@10: 0.0387 Recall@20: 0.2321 MRR@20: 0.0642 NDCG@20: 0.0861 
i<=176 Recall@5: 0.0976 MRR@5: 0.0515 NDCG@5: 0.0158 Recall@10: 0.1536 MRR@10: 0.0589 NDCG@10: 0.0387 Recall@20: 0.2321 MRR@20: 0.0642 NDCG@20: 0.086 
i<=177 Recall@5: 0.0976 MRR@5: 0.0515 NDCG@5: 0.0158 Recall@10: 0.1535 MRR@10: 0.0589 NDCG@10: 0.0387 Recall@20: 0.2321 MRR@20: 0.0642 NDCG@20: 0.086 
i<=178 Recall@5: 0.0976 MRR@5: 0.0515 NDCG@5: 0.0158 Recall@10: 0.1535 MRR@10: 0.0588 NDCG@10: 0.0387 Recall@20: 0.232 MRR@20: 0.0642 NDCG@20: 0.086 
i<=179 Recall@5: 0.0975 MRR@5: 0.0515 NDCG@5: 0.0158 Recall@10: 0.1535 MRR@10: 0.0588 NDCG@10: 0.0386 Recall@20: 0.232 MRR@20: 0.0642 NDCG@20: 0.086 
i<=180 Recall@5: 0.0975 MRR@5: 0.0515 NDCG@5: 0.0158 Recall@10: 0.1534 MRR@10: 0.0588 NDCG@10: 0.0386 Recall@20: 0.232 MRR@20: 0.0642 NDCG@20: 0.086 
i<=181 Recall@5: 0.0975 MRR@5: 0.0515 NDCG@5: 0.0158 Recall@10: 0.1534 MRR@10: 0.0588 NDCG@10: 0.0386 Recall@20: 0.232 MRR@20: 0.0642 NDCG@20: 0.0859 
i<=182 Recall@5: 0.0975 MRR@5: 0.0515 NDCG@5: 0.0158 Recall@10: 0.1534 MRR@10: 0.0588 NDCG@10: 0.0386 Recall@20: 0.232 MRR@20: 0.0642 NDCG@20: 0.0859 
i<=183 Recall@5: 0.0975 MRR@5: 0.0515 NDCG@5: 0.0158 Recall@10: 0.1535 MRR@10: 0.0588 NDCG@10: 0.0386 Recall@20: 0.232 MRR@20: 0.0642 NDCG@20: 0.0859 
i<=184 Recall@5: 0.0975 MRR@5: 0.0515 NDCG@5: 0.0158 Recall@10: 0.1534 MRR@10: 0.0588 NDCG@10: 0.0386 Recall@20: 0.232 MRR@20: 0.0642 NDCG@20: 0.0859 
i<=185 Recall@5: 0.0975 MRR@5: 0.0515 NDCG@5: 0.0158 Recall@10: 0.1534 MRR@10: 0.0588 NDCG@10: 0.0386 Recall@20: 0.232 MRR@20: 0.0642 NDCG@20: 0.0859 
i<=186 Recall@5: 0.0975 MRR@5: 0.0515 NDCG@5: 0.0158 Recall@10: 0.1534 MRR@10: 0.0588 NDCG@10: 0.0386 Recall@20: 0.232 MRR@20: 0.0642 NDCG@20: 0.0859 
i<=187 Recall@5: 0.0975 MRR@5: 0.0515 NDCG@5: 0.0158 Recall@10: 0.1534 MRR@10: 0.0588 NDCG@10: 0.0386 Recall@20: 0.2319 MRR@20: 0.0642 NDCG@20: 0.0859 
i<=188 Recall@5: 0.0975 MRR@5: 0.0515 NDCG@5: 0.0158 Recall@10: 0.1534 MRR@10: 0.0588 NDCG@10: 0.0386 Recall@20: 0.2319 MRR@20: 0.0641 NDCG@20: 0.0858 
i<=189 Recall@5: 0.0975 MRR@5: 0.0515 NDCG@5: 0.0158 Recall@10: 0.1534 MRR@10: 0.0588 NDCG@10: 0.0386 Recall@20: 0.2319 MRR@20: 0.0641 NDCG@20: 0.0858 
i<=190 Recall@5: 0.0975 MRR@5: 0.0515 NDCG@5: 0.0158 Recall@10: 0.1533 MRR@10: 0.0588 NDCG@10: 0.0386 Recall@20: 0.2319 MRR@20: 0.0641 NDCG@20: 0.0858 
i<=191 Recall@5: 0.0975 MRR@5: 0.0515 NDCG@5: 0.0158 Recall@10: 0.1533 MRR@10: 0.0588 NDCG@10: 0.0386 Recall@20: 0.2319 MRR@20: 0.0641 NDCG@20: 0.0858 
i<=192 Recall@5: 0.0975 MRR@5: 0.0515 NDCG@5: 0.0158 Recall@10: 0.1534 MRR@10: 0.0588 NDCG@10: 0.0386 Recall@20: 0.2319 MRR@20: 0.0642 NDCG@20: 0.0858 
i<=193 Recall@5: 0.0975 MRR@5: 0.0515 NDCG@5: 0.0158 Recall@10: 0.1533 MRR@10: 0.0588 NDCG@10: 0.0386 Recall@20: 0.2319 MRR@20: 0.0642 NDCG@20: 0.0858 
i<=194 Recall@5: 0.0975 MRR@5: 0.0515 NDCG@5: 0.0158 Recall@10: 0.1533 MRR@10: 0.0588 NDCG@10: 0.0386 Recall@20: 0.2319 MRR@20: 0.0642 NDCG@20: 0.0858 
i<=195 Recall@5: 0.0975 MRR@5: 0.0515 NDCG@5: 0.0158 Recall@10: 0.1533 MRR@10: 0.0588 NDCG@10: 0.0386 Recall@20: 0.2319 MRR@20: 0.0642 NDCG@20: 0.0858 
i<=196 Recall@5: 0.0975 MRR@5: 0.0515 NDCG@5: 0.0158 Recall@10: 0.1533 MRR@10: 0.0588 NDCG@10: 0.0386 Recall@20: 0.2319 MRR@20: 0.0642 NDCG@20: 0.0858 
i<=197 Recall@5: 0.0975 MRR@5: 0.0515 NDCG@5: 0.0158 Recall@10: 0.1533 MRR@10: 0.0588 NDCG@10: 0.0386 Recall@20: 0.2319 MRR@20: 0.0642 NDCG@20: 0.0858 
i<=198 Recall@5: 0.0975 MRR@5: 0.0515 NDCG@5: 0.0158 Recall@10: 0.1533 MRR@10: 0.0588 NDCG@10: 0.0386 Recall@20: 0.2319 MRR@20: 0.0642 NDCG@20: 0.0858 
i<=199 Recall@5: 0.0975 MRR@5: 0.0515 NDCG@5: 0.0158 Recall@10: 0.1533 MRR@10: 0.0588 NDCG@10: 0.0386 Recall@20: 0.2319 MRR@20: 0.0642 NDCG@20: 0.0858 

INFO:root:2023-01-04 03:02:26.333545
------------------------------------------
DATASET: MovieLens-1M | MODEL: LCII_ver_pre-combine_w-30_fix_L-0.8_S-0.2_dropout_0.9
SWITCH_INITIAL_STATE: True | USE_FC_IN_INPUT-SUM: False
STRATEGY: pre-combine | FUSION_WAY: fix | SWITCH_PLOT: attention_gate_dot
ADJACENT_WINDOW_RATIO(0-100%): 30 | LONG_TERM_SCORE: 0.8 | SHORT_TERM_SCORE: 0.2
DROPOUT: 0.9 | LEARNING_RATE: 0.01 | BATCHSIZE: 100 | SEED: 0
OUTER_RNN_SIZE: 80 | INNER_RNN_SIZE: 80 | EMBEDDING_SIZE: 80
TRAIN_N_SESSIONS: 2096 | N_ITEMS: 3328 | N_LAYERS: 1 | SEQLEN: 199 | MAX_EPOCHS: 200
------------------------------------------

INFO:root:2023-01-04 05:27:13.187551
	Epoch #: 48
	Epoch loss: 26.541520833969116


i<=1 Recall@5: 0.1073 MRR@5: 0.0579 NDCG@5: 0.0762 Recall@10: 0.1571 MRR@10: 0.0645 NDCG@10: 0.0973 Recall@20: 0.2407 MRR@20: 0.0702 NDCG@20: 0.132 
i<=2 Recall@5: 0.1119 MRR@5: 0.0609 NDCG@5: 0.0797 Recall@10: 0.1591 MRR@10: 0.067 NDCG@10: 0.1011 Recall@20: 0.2354 MRR@20: 0.0721 NDCG@20: 0.1347 
i<=3 Recall@5: 0.1105 MRR@5: 0.0616 NDCG@5: 0.0791 Recall@10: 0.1619 MRR@10: 0.0683 NDCG@10: 0.1035 Recall@20: 0.2372 MRR@20: 0.0733 NDCG@20: 0.1385 
i<=4 Recall@5: 0.1133 MRR@5: 0.0617 NDCG@5: 0.0808 Recall@10: 0.1646 MRR@10: 0.0684 NDCG@10: 0.1063 Recall@20: 0.2456 MRR@20: 0.0738 NDCG@20: 0.1456 
i<=5 Recall@5: 0.1139 MRR@5: 0.062 NDCG@5: 0.0814 Recall@10: 0.1644 MRR@10: 0.0686 NDCG@10: 0.1068 Recall@20: 0.2446 MRR@20: 0.0739 NDCG@20: 0.1469 
i<=6 Recall@5: 0.1154 MRR@5: 0.0628 NDCG@5: 0.0742 Recall@10: 0.1661 MRR@10: 0.0694 NDCG@10: 0.108 Recall@20: 0.2467 MRR@20: 0.0748 NDCG@20: 0.1496 
i<=7 Recall@5: 0.1154 MRR@5: 0.0623 NDCG@5: 0.0674 Recall@10: 0.1674 MRR@10: 0.0691 NDCG@10: 0.1084 Recall@20: 0.2494 MRR@20: 0.0746 NDCG@20: 0.1518 
i<=8 Recall@5: 0.1149 MRR@5: 0.0619 NDCG@5: 0.0621 Recall@10: 0.1676 MRR@10: 0.0687 NDCG@10: 0.1087 Recall@20: 0.2489 MRR@20: 0.0742 NDCG@20: 0.1528 
i<=9 Recall@5: 0.1152 MRR@5: 0.0618 NDCG@5: 0.058 Recall@10: 0.1695 MRR@10: 0.0689 NDCG@10: 0.1095 Recall@20: 0.253 MRR@20: 0.0746 NDCG@20: 0.1559 
i<=10 Recall@5: 0.1157 MRR@5: 0.0613 NDCG@5: 0.0543 Recall@10: 0.1692 MRR@10: 0.0683 NDCG@10: 0.1086 Recall@20: 0.2531 MRR@20: 0.0739 NDCG@20: 0.1562 
i<=11 Recall@5: 0.115 MRR@5: 0.0606 NDCG@5: 0.051 Recall@10: 0.17 MRR@10: 0.0678 NDCG@10: 0.1055 Recall@20: 0.2551 MRR@20: 0.0736 NDCG@20: 0.1577 
i<=12 Recall@5: 0.1153 MRR@5: 0.0605 NDCG@5: 0.0481 Recall@10: 0.1713 MRR@10: 0.0678 NDCG@10: 0.1025 Recall@20: 0.2561 MRR@20: 0.0736 NDCG@20: 0.1587 
i<=13 Recall@5: 0.115 MRR@5: 0.0601 NDCG@5: 0.0455 Recall@10: 0.1714 MRR@10: 0.0674 NDCG@10: 0.0989 Recall@20: 0.2571 MRR@20: 0.0732 NDCG@20: 0.1597 
i<=14 Recall@5: 0.1153 MRR@5: 0.06 NDCG@5: 0.0435 Recall@10: 0.1718 MRR@10: 0.0673 NDCG@10: 0.0962 Recall@20: 0.2575 MRR@20: 0.0732 NDCG@20: 0.1602 
i<=15 Recall@5: 0.1157 MRR@5: 0.0603 NDCG@5: 0.0417 Recall@10: 0.1726 MRR@10: 0.0678 NDCG@10: 0.0932 Recall@20: 0.2594 MRR@20: 0.0737 NDCG@20: 0.1616 
i<=16 Recall@5: 0.1147 MRR@5: 0.0597 NDCG@5: 0.0399 Recall@10: 0.1721 MRR@10: 0.0672 NDCG@10: 0.0905 Recall@20: 0.2589 MRR@20: 0.0731 NDCG@20: 0.1615 
i<=17 Recall@5: 0.1143 MRR@5: 0.0595 NDCG@5: 0.0385 Recall@10: 0.1718 MRR@10: 0.067 NDCG@10: 0.0877 Recall@20: 0.2587 MRR@20: 0.0729 NDCG@20: 0.1614 
i<=18 Recall@5: 0.1141 MRR@5: 0.0592 NDCG@5: 0.0371 Recall@10: 0.1717 MRR@10: 0.0668 NDCG@10: 0.0851 Recall@20: 0.2588 MRR@20: 0.0727 NDCG@20: 0.1614 
i<=19 Recall@5: 0.1145 MRR@5: 0.0596 NDCG@5: 0.0359 Recall@10: 0.1722 MRR@10: 0.0671 NDCG@10: 0.0829 Recall@20: 0.2587 MRR@20: 0.073 NDCG@20: 0.1613 
i<=20 Recall@5: 0.1144 MRR@5: 0.0596 NDCG@5: 0.0347 Recall@10: 0.1723 MRR@10: 0.0672 NDCG@10: 0.0806 Recall@20: 0.2589 MRR@20: 0.0731 NDCG@20: 0.161 
i<=21 Recall@5: 0.1142 MRR@5: 0.0596 NDCG@5: 0.0336 Recall@10: 0.1724 MRR@10: 0.0672 NDCG@10: 0.0785 Recall@20: 0.2586 MRR@20: 0.0731 NDCG@20: 0.1597 
i<=22 Recall@5: 0.1138 MRR@5: 0.0593 NDCG@5: 0.0327 Recall@10: 0.1719 MRR@10: 0.0669 NDCG@10: 0.0764 Recall@20: 0.2579 MRR@20: 0.0727 NDCG@20: 0.1579 
i<=23 Recall@5: 0.1133 MRR@5: 0.0591 NDCG@5: 0.0318 Recall@10: 0.1717 MRR@10: 0.0667 NDCG@10: 0.0748 Recall@20: 0.2575 MRR@20: 0.0726 NDCG@20: 0.1565 
i<=24 Recall@5: 0.1133 MRR@5: 0.059 NDCG@5: 0.031 Recall@10: 0.172 MRR@10: 0.0667 NDCG@10: 0.073 Recall@20: 0.2578 MRR@20: 0.0725 NDCG@20: 0.1548 
i<=25 Recall@5: 0.1132 MRR@5: 0.059 NDCG@5: 0.0303 Recall@10: 0.1727 MRR@10: 0.0668 NDCG@10: 0.0716 Recall@20: 0.2586 MRR@20: 0.0726 NDCG@20: 0.1533 
i<=26 Recall@5: 0.1128 MRR@5: 0.0587 NDCG@5: 0.0296 Recall@10: 0.1723 MRR@10: 0.0665 NDCG@10: 0.0701 Recall@20: 0.2577 MRR@20: 0.0723 NDCG@20: 0.151 
i<=27 Recall@5: 0.1125 MRR@5: 0.0584 NDCG@5: 0.0289 Recall@10: 0.1722 MRR@10: 0.0663 NDCG@10: 0.0687 Recall@20: 0.2576 MRR@20: 0.0721 NDCG@20: 0.1489 
i<=28 Recall@5: 0.1122 MRR@5: 0.0581 NDCG@5: 0.0283 Recall@10: 0.1721 MRR@10: 0.066 NDCG@10: 0.0674 Recall@20: 0.2571 MRR@20: 0.0718 NDCG@20: 0.1467 
i<=29 Recall@5: 0.1119 MRR@5: 0.0578 NDCG@5: 0.0277 Recall@10: 0.1714 MRR@10: 0.0656 NDCG@10: 0.066 Recall@20: 0.2563 MRR@20: 0.0714 NDCG@20: 0.1446 
i<=30 Recall@5: 0.1117 MRR@5: 0.0577 NDCG@5: 0.0272 Recall@10: 0.1711 MRR@10: 0.0655 NDCG@10: 0.0648 Recall@20: 0.2559 MRR@20: 0.0713 NDCG@20: 0.1424 
i<=31 Recall@5: 0.1111 MRR@5: 0.0575 NDCG@5: 0.0266 Recall@10: 0.1707 MRR@10: 0.0653 NDCG@10: 0.0636 Recall@20: 0.2559 MRR@20: 0.0711 NDCG@20: 0.1407 
i<=32 Recall@5: 0.1109 MRR@5: 0.0573 NDCG@5: 0.0262 Recall@10: 0.1702 MRR@10: 0.065 NDCG@10: 0.0625 Recall@20: 0.2555 MRR@20: 0.0708 NDCG@20: 0.1389 
i<=33 Recall@5: 0.1106 MRR@5: 0.0571 NDCG@5: 0.0258 Recall@10: 0.1699 MRR@10: 0.0649 NDCG@10: 0.0616 Recall@20: 0.2551 MRR@20: 0.0707 NDCG@20: 0.1371 
i<=34 Recall@5: 0.1108 MRR@5: 0.0573 NDCG@5: 0.0253 Recall@10: 0.1698 MRR@10: 0.065 NDCG@10: 0.0606 Recall@20: 0.2551 MRR@20: 0.0708 NDCG@20: 0.1355 
i<=35 Recall@5: 0.1109 MRR@5: 0.0573 NDCG@5: 0.0249 Recall@10: 0.17 MRR@10: 0.0651 NDCG@10: 0.0598 Recall@20: 0.2546 MRR@20: 0.0708 NDCG@20: 0.134 
i<=36 Recall@5: 0.111 MRR@5: 0.0574 NDCG@5: 0.0246 Recall@10: 0.1701 MRR@10: 0.0652 NDCG@10: 0.059 Recall@20: 0.2547 MRR@20: 0.0709 NDCG@20: 0.1325 
i<=37 Recall@5: 0.1107 MRR@5: 0.0573 NDCG@5: 0.0242 Recall@10: 0.1696 MRR@10: 0.065 NDCG@10: 0.0581 Recall@20: 0.2546 MRR@20: 0.0708 NDCG@20: 0.1311 
i<=38 Recall@5: 0.1109 MRR@5: 0.0575 NDCG@5: 0.0239 Recall@10: 0.1697 MRR@10: 0.0652 NDCG@10: 0.0574 Recall@20: 0.2547 MRR@20: 0.071 NDCG@20: 0.1297 
i<=39 Recall@5: 0.111 MRR@5: 0.0575 NDCG@5: 0.0236 Recall@10: 0.1697 MRR@10: 0.0652 NDCG@10: 0.0566 Recall@20: 0.2546 MRR@20: 0.071 NDCG@20: 0.1282 
i<=40 Recall@5: 0.1107 MRR@5: 0.0574 NDCG@5: 0.0233 Recall@10: 0.1695 MRR@10: 0.0651 NDCG@10: 0.0558 Recall@20: 0.2541 MRR@20: 0.0709 NDCG@20: 0.1269 
