INFO:root:2022-11-15 00:39:22.920742
------------------------------------------
DATASET: amazon | MODEL: LCII_ver_post-combine_w-65_lp
SWITCH_INITIAL_STATE: True | USE_FC_IN_INPUT-SUM: False
STRATEGY: post-combine | FUSION_WAY: lp | SWITCH_PLOT: attention_gate_dot
ADJACENT_WINDOW_RATIO(0-100%): 65 | LONG_TERM_SCORE: no_use | SHORT_TERM_SCORE: no_use
DROPOUT: 0.8 | LEARNING_RATE: 0.001 | BATCHSIZE: 100 | SEED: 0
OUTER_RNN_SIZE: 80 | INNER_RNN_SIZE: 80 | EMBEDDING_SIZE: 80
TRAIN_N_SESSIONS: 24658 | N_ITEMS: 46959 | N_LAYERS: 1 | SEQLEN: 19 | MAX_EPOCHS: 100
------------------------------------------

WARNING:tensorflow:From <ipython-input-4-4b06b300b2a6>:132: GRUCell.__init__ (from tensorflow.python.ops.rnn_cell_impl) is deprecated and will be removed in a future version.
Instructions for updating:
This class is equivalent as tf.keras.layers.GRUCell, and will be replaced by that in Tensorflow 2.0.
WARNING:tensorflow:From <ipython-input-4-4b06b300b2a6>:135: dynamic_rnn (from tensorflow.python.ops.rnn) is deprecated and will be removed in a future version.
Instructions for updating:
Please use `keras.layers.RNN(cell)`, which is equivalent to this API
WARNING:tensorflow:From C:\Users\Jun\Anaconda3\envs\Jun-model\lib\site-packages\tensorflow\python\ops\init_ops.py:1251: calling VarianceScaling.__init__ (from tensorflow.python.ops.init_ops) with dtype is deprecated and will be removed in a future version.
Instructions for updating:
Call initializer instance with the dtype argument instead of passing it to the constructor
WARNING:tensorflow:From C:\Users\Jun\Anaconda3\envs\Jun-model\lib\site-packages\tensorflow\python\ops\rnn_cell_impl.py:564: calling Constant.__init__ (from tensorflow.python.ops.init_ops) with dtype is deprecated and will be removed in a future version.
Instructions for updating:
Call initializer instance with the dtype argument instead of passing it to the constructor
WARNING:tensorflow:From C:\Users\Jun\Anaconda3\envs\Jun-model\lib\site-packages\tensorflow\python\ops\rnn_cell_impl.py:574: calling Zeros.__init__ (from tensorflow.python.ops.init_ops) with dtype is deprecated and will be removed in a future version.
Instructions for updating:
Call initializer instance with the dtype argument instead of passing it to the constructor
WARNING:tensorflow:From C:\Users\Jun\Anaconda3\envs\Jun-model\lib\site-packages\tensorflow\python\ops\rnn.py:244: add_dispatch_support.<locals>.wrapper (from tensorflow.python.ops.array_ops) is deprecated and will be removed in a future version.
Instructions for updating:
Use tf.where in 2.0, which has the same broadcast rule as np.where
WARNING:tensorflow:From <ipython-input-4-4b06b300b2a6>:200: MultiRNNCell.__init__ (from tensorflow.python.ops.rnn_cell_impl) is deprecated and will be removed in a future version.
Instructions for updating:
This class is equivalent as tf.keras.layers.StackedRNNCells, and will be replaced by that in Tensorflow 2.0.
WARNING:tensorflow:From <ipython-input-4-4b06b300b2a6>:228: to_float (from tensorflow.python.ops.math_ops) is deprecated and will be removed in a future version.
Instructions for updating:
Use `tf.cast` instead.
INFO:root:2022-11-15 02:03:41.556146
	Epoch #: 98
	Epoch loss: 60.106895819306374


i<=1 Recall@5: 0.1755 MRR@5: 0.1551 NDCG@5: 0.1608 Recall@10: 0.1866 MRR@10: 0.1566 NDCG@10: 0.1641 Recall@20: 0.1969 MRR@20: 0.1573 NDCG@20: 0.1666 
i<=2 Recall@5: 0.1676 MRR@5: 0.1499 NDCG@5: 0.1545 Recall@10: 0.1774 MRR@10: 0.1512 NDCG@10: 0.1575 Recall@20: 0.1873 MRR@20: 0.1519 NDCG@20: 0.1594 
i<=3 Recall@5: 0.1652 MRR@5: 0.1475 NDCG@5: 0.1524 Recall@10: 0.1746 MRR@10: 0.1487 NDCG@10: 0.1552 Recall@20: 0.184 MRR@20: 0.1494 NDCG@20: 0.1569 
i<=4 Recall@5: 0.1634 MRR@5: 0.1455 NDCG@5: 0.1508 Recall@10: 0.1727 MRR@10: 0.1467 NDCG@10: 0.1535 Recall@20: 0.1821 MRR@20: 0.1473 NDCG@20: 0.1551 
i<=5 Recall@5: 0.1625 MRR@5: 0.1442 NDCG@5: 0.1496 Recall@10: 0.1722 MRR@10: 0.1455 NDCG@10: 0.1527 Recall@20: 0.1816 MRR@20: 0.1461 NDCG@20: 0.1543 
i<=6 Recall@5: 0.163 MRR@5: 0.1443 NDCG@5: 0.1489 Recall@10: 0.1728 MRR@10: 0.1456 NDCG@10: 0.1535 Recall@20: 0.182 MRR@20: 0.1462 NDCG@20: 0.155 
i<=7 Recall@5: 0.1643 MRR@5: 0.1451 NDCG@5: 0.1483 Recall@10: 0.1741 MRR@10: 0.1464 NDCG@10: 0.1549 Recall@20: 0.1833 MRR@20: 0.147 NDCG@20: 0.1563 
i<=8 Recall@5: 0.1654 MRR@5: 0.1457 NDCG@5: 0.1473 Recall@10: 0.1753 MRR@10: 0.1471 NDCG@10: 0.1561 Recall@20: 0.1847 MRR@20: 0.1477 NDCG@20: 0.1577 
i<=9 Recall@5: 0.1664 MRR@5: 0.1466 NDCG@5: 0.1463 Recall@10: 0.1764 MRR@10: 0.1479 NDCG@10: 0.1572 Recall@20: 0.186 MRR@20: 0.1485 NDCG@20: 0.1589 
i<=10 Recall@5: 0.1672 MRR@5: 0.1472 NDCG@5: 0.1456 Recall@10: 0.1773 MRR@10: 0.1485 NDCG@10: 0.158 Recall@20: 0.1871 MRR@20: 0.1492 NDCG@20: 0.1599 
i<=11 Recall@5: 0.1676 MRR@5: 0.1473 NDCG@5: 0.145 Recall@10: 0.1777 MRR@10: 0.1487 NDCG@10: 0.1581 Recall@20: 0.1876 MRR@20: 0.1494 NDCG@20: 0.1604 
i<=12 Recall@5: 0.168 MRR@5: 0.1476 NDCG@5: 0.1446 Recall@10: 0.1781 MRR@10: 0.1489 NDCG@10: 0.1581 Recall@20: 0.188 MRR@20: 0.1496 NDCG@20: 0.1609 
i<=13 Recall@5: 0.1684 MRR@5: 0.1478 NDCG@5: 0.1442 Recall@10: 0.1785 MRR@10: 0.1492 NDCG@10: 0.1581 Recall@20: 0.1884 MRR@20: 0.1499 NDCG@20: 0.1613 
i<=14 Recall@5: 0.1688 MRR@5: 0.1481 NDCG@5: 0.1439 Recall@10: 0.179 MRR@10: 0.1495 NDCG@10: 0.1581 Recall@20: 0.1889 MRR@20: 0.1502 NDCG@20: 0.1618 
i<=15 Recall@5: 0.1692 MRR@5: 0.1484 NDCG@5: 0.1437 Recall@10: 0.1794 MRR@10: 0.1497 NDCG@10: 0.1579 Recall@20: 0.1893 MRR@20: 0.1504 NDCG@20: 0.1623 
i<=16 Recall@5: 0.1696 MRR@5: 0.1488 NDCG@5: 0.1435 Recall@10: 0.1798 MRR@10: 0.1501 NDCG@10: 0.1578 Recall@20: 0.1897 MRR@20: 0.1508 NDCG@20: 0.1626 
i<=17 Recall@5: 0.17 MRR@5: 0.1491 NDCG@5: 0.1434 Recall@10: 0.1802 MRR@10: 0.1504 NDCG@10: 0.1577 Recall@20: 0.1901 MRR@20: 0.1511 NDCG@20: 0.1631 
i<=18 Recall@5: 0.1704 MRR@5: 0.1495 NDCG@5: 0.1432 Recall@10: 0.1806 MRR@10: 0.1508 NDCG@10: 0.1576 Recall@20: 0.1905 MRR@20: 0.1515 NDCG@20: 0.1634 
i<=19 Recall@5: 0.1707 MRR@5: 0.1497 NDCG@5: 0.1431 Recall@10: 0.1808 MRR@10: 0.1511 NDCG@10: 0.1576 Recall@20: 0.1908 MRR@20: 0.1517 NDCG@20: 0.1637 

INFO:root:2022-11-15 02:03:42.196966
------------------------------------------
DATASET: MovieLens-1M | MODEL: LCII_ver_post-combine_w-30_lp
SWITCH_INITIAL_STATE: True | USE_FC_IN_INPUT-SUM: False
STRATEGY: post-combine | FUSION_WAY: lp | SWITCH_PLOT: attention_gate_dot
ADJACENT_WINDOW_RATIO(0-100%): 30 | LONG_TERM_SCORE: no_use | SHORT_TERM_SCORE: no_use
DROPOUT: 0.8 | LEARNING_RATE: 0.01 | BATCHSIZE: 100 | SEED: 0
OUTER_RNN_SIZE: 80 | INNER_RNN_SIZE: 80 | EMBEDDING_SIZE: 80
TRAIN_N_SESSIONS: 2096 | N_ITEMS: 3328 | N_LAYERS: 1 | SEQLEN: 199 | MAX_EPOCHS: 200
------------------------------------------

INFO:root:2022-11-15 04:39:35.545811
	Epoch #: 185
	Epoch loss: 25.974323332309723


i<=1 Recall@5: 0.0458 MRR@5: 0.0161 NDCG@5: 0.0256 Recall@10: 0.0813 MRR@10: 0.0209 NDCG@10: 0.0403 Recall@20: 0.1444 MRR@20: 0.025 NDCG@20: 0.0634 
i<=2 Recall@5: 0.0489 MRR@5: 0.0211 NDCG@5: 0.03 Recall@10: 0.0833 MRR@10: 0.0258 NDCG@10: 0.0452 Recall@20: 0.1455 MRR@20: 0.0299 NDCG@20: 0.0686 
i<=3 Recall@5: 0.0502 MRR@5: 0.0227 NDCG@5: 0.0318 Recall@10: 0.0854 MRR@10: 0.0274 NDCG@10: 0.0479 Recall@20: 0.144 MRR@20: 0.0313 NDCG@20: 0.07 
i<=4 Recall@5: 0.046 MRR@5: 0.0209 NDCG@5: 0.0292 Recall@10: 0.0812 MRR@10: 0.0256 NDCG@10: 0.0454 Recall@20: 0.1395 MRR@20: 0.0295 NDCG@20: 0.068 
i<=5 Recall@5: 0.0467 MRR@5: 0.0213 NDCG@5: 0.0296 Recall@10: 0.0809 MRR@10: 0.0259 NDCG@10: 0.0456 Recall@20: 0.1383 MRR@20: 0.0297 NDCG@20: 0.0681 
i<=6 Recall@5: 0.047 MRR@5: 0.0214 NDCG@5: 0.0271 Recall@10: 0.0802 MRR@10: 0.0258 NDCG@10: 0.0454 Recall@20: 0.1357 MRR@20: 0.0295 NDCG@20: 0.0677 
i<=7 Recall@5: 0.046 MRR@5: 0.0213 NDCG@5: 0.0242 Recall@10: 0.0777 MRR@10: 0.0255 NDCG@10: 0.0443 Recall@20: 0.1324 MRR@20: 0.0292 NDCG@20: 0.0668 
i<=8 Recall@5: 0.047 MRR@5: 0.0219 NDCG@5: 0.0222 Recall@10: 0.0781 MRR@10: 0.026 NDCG@10: 0.0449 Recall@20: 0.1314 MRR@20: 0.0296 NDCG@20: 0.0671 
i<=9 Recall@5: 0.0463 MRR@5: 0.0216 NDCG@5: 0.0205 Recall@10: 0.0774 MRR@10: 0.0257 NDCG@10: 0.0444 Recall@20: 0.131 MRR@20: 0.0292 NDCG@20: 0.0674 
i<=10 Recall@5: 0.047 MRR@5: 0.0222 NDCG@5: 0.0191 Recall@10: 0.0773 MRR@10: 0.0261 NDCG@10: 0.0444 Recall@20: 0.1298 MRR@20: 0.0296 NDCG@20: 0.0672 
i<=11 Recall@5: 0.0461 MRR@5: 0.0219 NDCG@5: 0.0179 Recall@10: 0.0759 MRR@10: 0.0259 NDCG@10: 0.0428 Recall@20: 0.1277 MRR@20: 0.0293 NDCG@20: 0.0665 
i<=12 Recall@5: 0.0461 MRR@5: 0.0216 NDCG@5: 0.0169 Recall@10: 0.0758 MRR@10: 0.0255 NDCG@10: 0.041 Recall@20: 0.1277 MRR@20: 0.029 NDCG@20: 0.0665 
i<=13 Recall@5: 0.0452 MRR@5: 0.0212 NDCG@5: 0.016 Recall@10: 0.0751 MRR@10: 0.0251 NDCG@10: 0.0395 Recall@20: 0.1257 MRR@20: 0.0285 NDCG@20: 0.0657 
i<=14 Recall@5: 0.0443 MRR@5: 0.0208 NDCG@5: 0.0152 Recall@10: 0.074 MRR@10: 0.0247 NDCG@10: 0.0379 Recall@20: 0.125 MRR@20: 0.0281 NDCG@20: 0.0653 
i<=15 Recall@5: 0.0441 MRR@5: 0.0208 NDCG@5: 0.0146 Recall@10: 0.0739 MRR@10: 0.0248 NDCG@10: 0.0368 Recall@20: 0.1243 MRR@20: 0.0281 NDCG@20: 0.0653 
i<=16 Recall@5: 0.0437 MRR@5: 0.0207 NDCG@5: 0.0139 Recall@10: 0.0734 MRR@10: 0.0246 NDCG@10: 0.0353 Recall@20: 0.1235 MRR@20: 0.0279 NDCG@20: 0.0648 
i<=17 Recall@5: 0.0437 MRR@5: 0.0205 NDCG@5: 0.0133 Recall@10: 0.0728 MRR@10: 0.0243 NDCG@10: 0.034 Recall@20: 0.1218 MRR@20: 0.0276 NDCG@20: 0.0638 
i<=18 Recall@5: 0.0431 MRR@5: 0.0202 NDCG@5: 0.0128 Recall@10: 0.0721 MRR@10: 0.024 NDCG@10: 0.0329 Recall@20: 0.1209 MRR@20: 0.0272 NDCG@20: 0.0633 
i<=19 Recall@5: 0.0426 MRR@5: 0.0201 NDCG@5: 0.0124 Recall@10: 0.0714 MRR@10: 0.0239 NDCG@10: 0.0318 Recall@20: 0.1202 MRR@20: 0.0271 NDCG@20: 0.0627 
i<=20 Recall@5: 0.0427 MRR@5: 0.02 NDCG@5: 0.0119 Recall@10: 0.071 MRR@10: 0.0237 NDCG@10: 0.0309 Recall@20: 0.1196 MRR@20: 0.027 NDCG@20: 0.0623 
i<=21 Recall@5: 0.0421 MRR@5: 0.0197 NDCG@5: 0.0115 Recall@10: 0.0704 MRR@10: 0.0235 NDCG@10: 0.03 Recall@20: 0.1186 MRR@20: 0.0267 NDCG@20: 0.0613 
i<=22 Recall@5: 0.0419 MRR@5: 0.0198 NDCG@5: 0.0112 Recall@10: 0.0699 MRR@10: 0.0235 NDCG@10: 0.0292 Recall@20: 0.1182 MRR@20: 0.0267 NDCG@20: 0.0606 
i<=23 Recall@5: 0.0416 MRR@5: 0.0197 NDCG@5: 0.0108 Recall@10: 0.0694 MRR@10: 0.0233 NDCG@10: 0.0284 Recall@20: 0.1175 MRR@20: 0.0265 NDCG@20: 0.0597 
i<=24 Recall@5: 0.0412 MRR@5: 0.0195 NDCG@5: 0.0106 Recall@10: 0.0692 MRR@10: 0.0231 NDCG@10: 0.0277 Recall@20: 0.1172 MRR@20: 0.0263 NDCG@20: 0.059 
i<=25 Recall@5: 0.0409 MRR@5: 0.0193 NDCG@5: 0.0103 Recall@10: 0.0687 MRR@10: 0.0229 NDCG@10: 0.0271 Recall@20: 0.1165 MRR@20: 0.0261 NDCG@20: 0.0581 
i<=26 Recall@5: 0.0405 MRR@5: 0.019 NDCG@5: 0.01 Recall@10: 0.0683 MRR@10: 0.0227 NDCG@10: 0.0264 Recall@20: 0.1159 MRR@20: 0.0259 NDCG@20: 0.057 
i<=27 Recall@5: 0.0401 MRR@5: 0.0188 NDCG@5: 0.0098 Recall@10: 0.0676 MRR@10: 0.0224 NDCG@10: 0.0258 Recall@20: 0.1152 MRR@20: 0.0256 NDCG@20: 0.056 
i<=28 Recall@5: 0.0397 MRR@5: 0.0186 NDCG@5: 0.0096 Recall@10: 0.0672 MRR@10: 0.0222 NDCG@10: 0.0253 Recall@20: 0.1146 MRR@20: 0.0254 NDCG@20: 0.0552 
i<=29 Recall@5: 0.0393 MRR@5: 0.0184 NDCG@5: 0.0094 Recall@10: 0.0667 MRR@10: 0.022 NDCG@10: 0.0247 Recall@20: 0.1138 MRR@20: 0.0252 NDCG@20: 0.0543 
i<=30 Recall@5: 0.0388 MRR@5: 0.0182 NDCG@5: 0.0092 Recall@10: 0.0661 MRR@10: 0.0218 NDCG@10: 0.0243 Recall@20: 0.113 MRR@20: 0.0249 NDCG@20: 0.0535 
i<=31 Recall@5: 0.0388 MRR@5: 0.0182 NDCG@5: 0.009 Recall@10: 0.0659 MRR@10: 0.0217 NDCG@10: 0.0239 Recall@20: 0.1126 MRR@20: 0.0248 NDCG@20: 0.0529 
i<=32 Recall@5: 0.0386 MRR@5: 0.0181 NDCG@5: 0.0089 Recall@10: 0.0655 MRR@10: 0.0216 NDCG@10: 0.0235 Recall@20: 0.112 MRR@20: 0.0247 NDCG@20: 0.0523 
i<=33 Recall@5: 0.0384 MRR@5: 0.018 NDCG@5: 0.0088 Recall@10: 0.065 MRR@10: 0.0215 NDCG@10: 0.0231 Recall@20: 0.1113 MRR@20: 0.0246 NDCG@20: 0.0516 
i<=34 Recall@5: 0.0383 MRR@5: 0.0179 NDCG@5: 0.0086 Recall@10: 0.0647 MRR@10: 0.0214 NDCG@10: 0.0228 Recall@20: 0.1108 MRR@20: 0.0244 NDCG@20: 0.051 
i<=35 Recall@5: 0.038 MRR@5: 0.0177 NDCG@5: 0.0085 Recall@10: 0.0644 MRR@10: 0.0212 NDCG@10: 0.0225 Recall@20: 0.1103 MRR@20: 0.0243 NDCG@20: 0.0504 
i<=36 Recall@5: 0.0376 MRR@5: 0.0176 NDCG@5: 0.0084 Recall@10: 0.0639 MRR@10: 0.021 NDCG@10: 0.0221 Recall@20: 0.1097 MRR@20: 0.0241 NDCG@20: 0.0498 
i<=37 Recall@5: 0.0372 MRR@5: 0.0174 NDCG@5: 0.0082 Recall@10: 0.0635 MRR@10: 0.0208 NDCG@10: 0.0218 Recall@20: 0.1089 MRR@20: 0.0238 NDCG@20: 0.0491 
i<=38 Recall@5: 0.0372 MRR@5: 0.0174 NDCG@5: 0.0081 Recall@10: 0.0632 MRR@10: 0.0208 NDCG@10: 0.0215 Recall@20: 0.1082 MRR@20: 0.0238 NDCG@20: 0.0485 
i<=39 Recall@5: 0.0372 MRR@5: 0.0173 NDCG@5: 0.008 Recall@10: 0.063 MRR@10: 0.0207 NDCG@10: 0.0212 Recall@20: 0.1078 MRR@20: 0.0237 NDCG@20: 0.048 
i<=40 Recall@5: 0.0369 MRR@5: 0.0172 NDCG@5: 0.0079 Recall@10: 0.0627 MRR@10: 0.0205 NDCG@10: 0.021 Recall@20: 0.1072 MRR@20: 0.0235 NDCG@20: 0.0475 
i<=41 Recall@5: 0.0366 MRR@5: 0.017 NDCG@5: 0.0078 Recall@10: 0.0624 MRR@10: 0.0204 NDCG@10: 0.0207 Recall@20: 0.1067 MRR@20: 0.0233 NDCG@20: 0.047 
i<=42 Recall@5: 0.0365 MRR@5: 0.017 NDCG@5: 0.0077 Recall@10: 0.0621 MRR@10: 0.0203 NDCG@10: 0.0205 Recall@20: 0.1063 MRR@20: 0.0233 NDCG@20: 0.0465 
i<=43 Recall@5: 0.0363 MRR@5: 0.0169 NDCG@5: 0.0076 Recall@10: 0.0618 MRR@10: 0.0202 NDCG@10: 0.0203 Recall@20: 0.1059 MRR@20: 0.0232 NDCG@20: 0.046 
i<=44 Recall@5: 0.0361 MRR@5: 0.0168 NDCG@5: 0.0075 Recall@10: 0.0614 MRR@10: 0.0201 NDCG@10: 0.02 Recall@20: 0.1053 MRR@20: 0.023 NDCG@20: 0.0455 
i<=45 Recall@5: 0.0359 MRR@5: 0.0167 NDCG@5: 0.0074 Recall@10: 0.061 MRR@10: 0.0199 NDCG@10: 0.0198 Recall@20: 0.1047 MRR@20: 0.0229 NDCG@20: 0.045 
i<=46 Recall@5: 0.0356 MRR@5: 0.0166 NDCG@5: 0.0073 Recall@10: 0.0608 MRR@10: 0.0198 NDCG@10: 0.0196 Recall@20: 0.1042 MRR@20: 0.0227 NDCG@20: 0.0446 
i<=47 Recall@5: 0.0355 MRR@5: 0.0166 NDCG@5: 0.0073 Recall@10: 0.0606 MRR@10: 0.0199 NDCG@10: 0.0194 Recall@20: 0.1039 MRR@20: 0.0228 NDCG@20: 0.0442 
i<=48 Recall@5: 0.0354 MRR@5: 0.0165 NDCG@5: 0.0072 Recall@10: 0.0604 MRR@10: 0.0198 NDCG@10: 0.0192 Recall@20: 0.1035 MRR@20: 0.0227 NDCG@20: 0.0438 
i<=49 Recall@5: 0.035 MRR@5: 0.0164 NDCG@5: 0.0071 Recall@10: 0.06 MRR@10: 0.0196 NDCG@10: 0.019 Recall@20: 0.1027 MRR@20: 0.0225 NDCG@20: 0.0434 
i<=50 Recall@5: 0.0348 MRR@5: 0.0162 NDCG@5: 0.007 Recall@10: 0.0596 MRR@10: 0.0195 NDCG@10: 0.0188 Recall@20: 0.1021 MRR@20: 0.0223 NDCG@20: 0.0431 
i<=51 Recall@5: 0.0345 MRR@5: 0.0162 NDCG@5: 0.007 Recall@10: 0.0592 MRR@10: 0.0194 NDCG@10: 0.0187 Recall@20: 0.1017 MRR@20: 0.0222 NDCG@20: 0.0428 
i<=52 Recall@5: 0.0343 MRR@5: 0.016 NDCG@5: 0.0069 Recall@10: 0.0588 MRR@10: 0.0192 NDCG@10: 0.0185 Recall@20: 0.1013 MRR@20: 0.0221 NDCG@20: 0.0424 
i<=53 Recall@5: 0.0341 MRR@5: 0.016 NDCG@5: 0.0069 Recall@10: 0.0585 MRR@10: 0.0191 NDCG@10: 0.0183 Recall@20: 0.1009 MRR@20: 0.022 NDCG@20: 0.0421 
i<=54 Recall@5: 0.0338 MRR@5: 0.0158 NDCG@5: 0.0068 Recall@10: 0.0581 MRR@10: 0.019 NDCG@10: 0.0182 Recall@20: 0.1004 MRR@20: 0.0218 NDCG@20: 0.0417 
i<=55 Recall@5: 0.0336 MRR@5: 0.0158 NDCG@5: 0.0067 Recall@10: 0.0578 MRR@10: 0.0189 NDCG@10: 0.018 Recall@20: 0.0999 MRR@20: 0.0217 NDCG@20: 0.0414 
i<=56 Recall@5: 0.0335 MRR@5: 0.0157 NDCG@5: 0.0067 Recall@10: 0.0576 MRR@10: 0.0188 NDCG@10: 0.0179 Recall@20: 0.0995 MRR@20: 0.0216 NDCG@20: 0.0411 
i<=57 Recall@5: 0.0333 MRR@5: 0.0156 NDCG@5: 0.0066 Recall@10: 0.0572 MRR@10: 0.0187 NDCG@10: 0.0177 Recall@20: 0.0992 MRR@20: 0.0215 NDCG@20: 0.0408 
i<=58 Recall@5: 0.0331 MRR@5: 0.0155 NDCG@5: 0.0066 Recall@10: 0.057 MRR@10: 0.0187 NDCG@10: 0.0176 Recall@20: 0.0989 MRR@20: 0.0214 NDCG@20: 0.0405 
i<=59 Recall@5: 0.033 MRR@5: 0.0154 NDCG@5: 0.0065 Recall@10: 0.0567 MRR@10: 0.0185 NDCG@10: 0.0175 Recall@20: 0.0985 MRR@20: 0.0213 NDCG@20: 0.0403 
i<=60 Recall@5: 0.0328 MRR@5: 0.0154 NDCG@5: 0.0065 Recall@10: 0.0564 MRR@10: 0.0184 NDCG@10: 0.0173 Recall@20: 0.0981 MRR@20: 0.0212 NDCG@20: 0.0401 
i<=61 Recall@5: 0.0326 MRR@5: 0.0153 NDCG@5: 0.0065 Recall@10: 0.0562 MRR@10: 0.0183 NDCG@10: 0.0173 Recall@20: 0.0978 MRR@20: 0.0211 NDCG@20: 0.0399 
i<=62 Recall@5: 0.0324 MRR@5: 0.0152 NDCG@5: 0.0064 Recall@10: 0.0561 MRR@10: 0.0183 NDCG@10: 0.0172 Recall@20: 0.0975 MRR@20: 0.021 NDCG@20: 0.0397 
i<=63 Recall@5: 0.0324 MRR@5: 0.0151 NDCG@5: 0.0064 Recall@10: 0.0559 MRR@10: 0.0182 NDCG@10: 0.0171 Recall@20: 0.0972 MRR@20: 0.021 NDCG@20: 0.0395 
i<=64 Recall@5: 0.0322 MRR@5: 0.015 NDCG@5: 0.0063 Recall@10: 0.0558 MRR@10: 0.0181 NDCG@10: 0.017 Recall@20: 0.097 MRR@20: 0.0209 NDCG@20: 0.0393 
i<=65 Recall@5: 0.032 MRR@5: 0.015 NDCG@5: 0.0063 Recall@10: 0.0556 MRR@10: 0.018 NDCG@10: 0.0169 Recall@20: 0.0966 MRR@20: 0.0208 NDCG@20: 0.0391 
i<=66 Recall@5: 0.0318 MRR@5: 0.0149 NDCG@5: 0.0063 Recall@10: 0.0553 MRR@10: 0.0179 NDCG@10: 0.0168 Recall@20: 0.0962 MRR@20: 0.0207 NDCG@20: 0.0389 
i<=67 Recall@5: 0.0318 MRR@5: 0.0148 NDCG@5: 0.0062 Recall@10: 0.0551 MRR@10: 0.0179 NDCG@10: 0.0167 Recall@20: 0.096 MRR@20: 0.0206 NDCG@20: 0.0387 
i<=68 Recall@5: 0.0316 MRR@5: 0.0148 NDCG@5: 0.0062 Recall@10: 0.0549 MRR@10: 0.0178 NDCG@10: 0.0166 Recall@20: 0.0957 MRR@20: 0.0205 NDCG@20: 0.0385 
i<=69 Recall@5: 0.0315 MRR@5: 0.0147 NDCG@5: 0.0061 Recall@10: 0.0547 MRR@10: 0.0177 NDCG@10: 0.0165 Recall@20: 0.0953 MRR@20: 0.0204 NDCG@20: 0.0382 
i<=70 Recall@5: 0.0314 MRR@5: 0.0146 NDCG@5: 0.0061 Recall@10: 0.0545 MRR@10: 0.0176 NDCG@10: 0.0164 Recall@20: 0.0951 MRR@20: 0.0203 NDCG@20: 0.038 
i<=71 Recall@5: 0.0312 MRR@5: 0.0145 NDCG@5: 0.0061 Recall@10: 0.0543 MRR@10: 0.0176 NDCG@10: 0.0163 Recall@20: 0.0947 MRR@20: 0.0202 NDCG@20: 0.0378 
i<=72 Recall@5: 0.0311 MRR@5: 0.0145 NDCG@5: 0.006 Recall@10: 0.0541 MRR@10: 0.0175 NDCG@10: 0.0162 Recall@20: 0.0946 MRR@20: 0.0202 NDCG@20: 0.0377 
i<=73 Recall@5: 0.031 MRR@5: 0.0144 NDCG@5: 0.006 Recall@10: 0.054 MRR@10: 0.0174 NDCG@10: 0.0162 Recall@20: 0.0944 MRR@20: 0.0201 NDCG@20: 0.0375 
i<=74 Recall@5: 0.0309 MRR@5: 0.0144 NDCG@5: 0.006 Recall@10: 0.0538 MRR@10: 0.0174 NDCG@10: 0.0161 Recall@20: 0.0941 MRR@20: 0.0201 NDCG@20: 0.0373 
i<=75 Recall@5: 0.0308 MRR@5: 0.0144 NDCG@5: 0.006 Recall@10: 0.0536 MRR@10: 0.0173 NDCG@10: 0.016 Recall@20: 0.0937 MRR@20: 0.02 NDCG@20: 0.0371 
i<=76 Recall@5: 0.0307 MRR@5: 0.0143 NDCG@5: 0.0059 Recall@10: 0.0535 MRR@10: 0.0173 NDCG@10: 0.0159 Recall@20: 0.0936 MRR@20: 0.0199 NDCG@20: 0.0369 
i<=77 Recall@5: 0.0306 MRR@5: 0.0143 NDCG@5: 0.0059 Recall@10: 0.0534 MRR@10: 0.0173 NDCG@10: 0.0158 Recall@20: 0.0933 MRR@20: 0.0199 NDCG@20: 0.0368 
i<=78 Recall@5: 0.0306 MRR@5: 0.0143 NDCG@5: 0.0059 Recall@10: 0.0533 MRR@10: 0.0172 NDCG@10: 0.0158 Recall@20: 0.0931 MRR@20: 0.0199 NDCG@20: 0.0366 
i<=79 Recall@5: 0.0306 MRR@5: 0.0143 NDCG@5: 0.0058 Recall@10: 0.0532 MRR@10: 0.0172 NDCG@10: 0.0157 Recall@20: 0.0928 MRR@20: 0.0199 NDCG@20: 0.0365 
i<=80 Recall@5: 0.0305 MRR@5: 0.0142 NDCG@5: 0.0058 Recall@10: 0.053 MRR@10: 0.0172 NDCG@10: 0.0156 Recall@20: 0.0925 MRR@20: 0.0198 NDCG@20: 0.0363 
i<=81 Recall@5: 0.0305 MRR@5: 0.0142 NDCG@5: 0.0058 Recall@10: 0.0529 MRR@10: 0.0171 NDCG@10: 0.0156 Recall@20: 0.0922 MRR@20: 0.0197 NDCG@20: 0.0362 
i<=82 Recall@5: 0.0304 MRR@5: 0.0142 NDCG@5: 0.0058 Recall@10: 0.0528 MRR@10: 0.0171 NDCG@10: 0.0155 Recall@20: 0.092 MRR@20: 0.0197 NDCG@20: 0.0361 
i<=83 Recall@5: 0.0303 MRR@5: 0.0141 NDCG@5: 0.0058 Recall@10: 0.0525 MRR@10: 0.017 NDCG@10: 0.0155 Recall@20: 0.0917 MRR@20: 0.0196 NDCG@20: 0.0359 
i<=84 Recall@5: 0.0302 MRR@5: 0.0141 NDCG@5: 0.0057 Recall@10: 0.0524 MRR@10: 0.017 NDCG@10: 0.0154 Recall@20: 0.0914 MRR@20: 0.0196 NDCG@20: 0.0358 
i<=85 Recall@5: 0.0301 MRR@5: 0.014 NDCG@5: 0.0057 Recall@10: 0.0522 MRR@10: 0.0169 NDCG@10: 0.0153 Recall@20: 0.0912 MRR@20: 0.0195 NDCG@20: 0.0356 
i<=86 Recall@5: 0.03 MRR@5: 0.014 NDCG@5: 0.0057 Recall@10: 0.0521 MRR@10: 0.0168 NDCG@10: 0.0153 Recall@20: 0.0909 MRR@20: 0.0194 NDCG@20: 0.0355 
i<=87 Recall@5: 0.0299 MRR@5: 0.0139 NDCG@5: 0.0057 Recall@10: 0.0519 MRR@10: 0.0168 NDCG@10: 0.0152 Recall@20: 0.0906 MRR@20: 0.0194 NDCG@20: 0.0354 
i<=88 Recall@5: 0.0298 MRR@5: 0.0139 NDCG@5: 0.0056 Recall@10: 0.0518 MRR@10: 0.0167 NDCG@10: 0.0152 Recall@20: 0.0903 MRR@20: 0.0193 NDCG@20: 0.0352 
i<=89 Recall@5: 0.0297 MRR@5: 0.0138 NDCG@5: 0.0056 Recall@10: 0.0516 MRR@10: 0.0167 NDCG@10: 0.0151 Recall@20: 0.09 MRR@20: 0.0193 NDCG@20: 0.0351 
i<=90 Recall@5: 0.0296 MRR@5: 0.0138 NDCG@5: 0.0056 Recall@10: 0.0514 MRR@10: 0.0166 NDCG@10: 0.0151 Recall@20: 0.0897 MRR@20: 0.0192 NDCG@20: 0.035 
i<=91 Recall@5: 0.0295 MRR@5: 0.0137 NDCG@5: 0.0056 Recall@10: 0.0513 MRR@10: 0.0166 NDCG@10: 0.015 Recall@20: 0.0895 MRR@20: 0.0191 NDCG@20: 0.0349 
i<=92 Recall@5: 0.0295 MRR@5: 0.0137 NDCG@5: 0.0056 Recall@10: 0.0511 MRR@10: 0.0165 NDCG@10: 0.0149 Recall@20: 0.0892 MRR@20: 0.0191 NDCG@20: 0.0348 
i<=93 Recall@5: 0.0294 MRR@5: 0.0137 NDCG@5: 0.0055 Recall@10: 0.051 MRR@10: 0.0165 NDCG@10: 0.0149 Recall@20: 0.089 MRR@20: 0.019 NDCG@20: 0.0346 
i<=94 Recall@5: 0.0293 MRR@5: 0.0136 NDCG@5: 0.0055 Recall@10: 0.0508 MRR@10: 0.0164 NDCG@10: 0.0148 Recall@20: 0.0888 MRR@20: 0.019 NDCG@20: 0.0345 
i<=95 Recall@5: 0.0292 MRR@5: 0.0136 NDCG@5: 0.0055 Recall@10: 0.0507 MRR@10: 0.0164 NDCG@10: 0.0148 Recall@20: 0.0886 MRR@20: 0.0189 NDCG@20: 0.0344 
i<=96 Recall@5: 0.0291 MRR@5: 0.0135 NDCG@5: 0.0055 Recall@10: 0.0506 MRR@10: 0.0163 NDCG@10: 0.0147 Recall@20: 0.0884 MRR@20: 0.0189 NDCG@20: 0.0343 
i<=97 Recall@5: 0.0291 MRR@5: 0.0135 NDCG@5: 0.0055 Recall@10: 0.0505 MRR@10: 0.0163 NDCG@10: 0.0147 Recall@20: 0.0882 MRR@20: 0.0188 NDCG@20: 0.0342 
i<=98 Recall@5: 0.029 MRR@5: 0.0135 NDCG@5: 0.0054 Recall@10: 0.0504 MRR@10: 0.0163 NDCG@10: 0.0147 Recall@20: 0.0881 MRR@20: 0.0188 NDCG@20: 0.0341 
i<=99 Recall@5: 0.029 MRR@5: 0.0135 NDCG@5: 0.0054 Recall@10: 0.0503 MRR@10: 0.0163 NDCG@10: 0.0146 Recall@20: 0.088 MRR@20: 0.0188 NDCG@20: 0.034 
i<=100 Recall@5: 0.0289 MRR@5: 0.0134 NDCG@5: 0.0054 Recall@10: 0.0502 MRR@10: 0.0162 NDCG@10: 0.0146 Recall@20: 0.0877 MRR@20: 0.0187 NDCG@20: 0.0339 
i<=101 Recall@5: 0.0288 MRR@5: 0.0134 NDCG@5: 0.0054 Recall@10: 0.0501 MRR@10: 0.0162 NDCG@10: 0.0145 Recall@20: 0.0875 MRR@20: 0.0187 NDCG@20: 0.0338 
i<=102 Recall@5: 0.0287 MRR@5: 0.0134 NDCG@5: 0.0054 Recall@10: 0.0499 MRR@10: 0.0161 NDCG@10: 0.0145 Recall@20: 0.0872 MRR@20: 0.0186 NDCG@20: 0.0337 
i<=103 Recall@5: 0.0286 MRR@5: 0.0133 NDCG@5: 0.0054 Recall@10: 0.0499 MRR@10: 0.0161 NDCG@10: 0.0144 Recall@20: 0.0872 MRR@20: 0.0186 NDCG@20: 0.0336 
i<=104 Recall@5: 0.0286 MRR@5: 0.0133 NDCG@5: 0.0053 Recall@10: 0.0498 MRR@10: 0.0161 NDCG@10: 0.0144 Recall@20: 0.087 MRR@20: 0.0186 NDCG@20: 0.0336 
i<=105 Recall@5: 0.0286 MRR@5: 0.0133 NDCG@5: 0.0053 Recall@10: 0.0497 MRR@10: 0.0161 NDCG@10: 0.0144 Recall@20: 0.087 MRR@20: 0.0185 NDCG@20: 0.0335 
i<=106 Recall@5: 0.0285 MRR@5: 0.0133 NDCG@5: 0.0053 Recall@10: 0.0496 MRR@10: 0.016 NDCG@10: 0.0143 Recall@20: 0.0868 MRR@20: 0.0185 NDCG@20: 0.0335 
i<=107 Recall@5: 0.0284 MRR@5: 0.0132 NDCG@5: 0.0053 Recall@10: 0.0495 MRR@10: 0.016 NDCG@10: 0.0143 Recall@20: 0.0868 MRR@20: 0.0185 NDCG@20: 0.0334 
i<=108 Recall@5: 0.0283 MRR@5: 0.0132 NDCG@5: 0.0053 Recall@10: 0.0494 MRR@10: 0.0159 NDCG@10: 0.0143 Recall@20: 0.0866 MRR@20: 0.0184 NDCG@20: 0.0333 
i<=109 Recall@5: 0.0283 MRR@5: 0.0132 NDCG@5: 0.0053 Recall@10: 0.0493 MRR@10: 0.0159 NDCG@10: 0.0142 Recall@20: 0.0864 MRR@20: 0.0184 NDCG@20: 0.0332 
i<=110 Recall@5: 0.0282 MRR@5: 0.0131 NDCG@5: 0.0053 Recall@10: 0.0492 MRR@10: 0.0159 NDCG@10: 0.0142 Recall@20: 0.0863 MRR@20: 0.0183 NDCG@20: 0.0332 
i<=111 Recall@5: 0.0282 MRR@5: 0.0131 NDCG@5: 0.0052 Recall@10: 0.0491 MRR@10: 0.0158 NDCG@10: 0.0142 Recall@20: 0.0862 MRR@20: 0.0183 NDCG@20: 0.0331 
i<=112 Recall@5: 0.0281 MRR@5: 0.0131 NDCG@5: 0.0052 Recall@10: 0.049 MRR@10: 0.0158 NDCG@10: 0.0141 Recall@20: 0.086 MRR@20: 0.0183 NDCG@20: 0.033 
i<=113 Recall@5: 0.0281 MRR@5: 0.013 NDCG@5: 0.0052 Recall@10: 0.0489 MRR@10: 0.0158 NDCG@10: 0.0141 Recall@20: 0.0859 MRR@20: 0.0182 NDCG@20: 0.0329 
i<=114 Recall@5: 0.028 MRR@5: 0.013 NDCG@5: 0.0052 Recall@10: 0.0489 MRR@10: 0.0158 NDCG@10: 0.0141 Recall@20: 0.0857 MRR@20: 0.0182 NDCG@20: 0.0329 
i<=115 Recall@5: 0.028 MRR@5: 0.013 NDCG@5: 0.0052 Recall@10: 0.0488 MRR@10: 0.0157 NDCG@10: 0.014 Recall@20: 0.0856 MRR@20: 0.0182 NDCG@20: 0.0328 
i<=116 Recall@5: 0.0279 MRR@5: 0.013 NDCG@5: 0.0052 Recall@10: 0.0487 MRR@10: 0.0157 NDCG@10: 0.014 Recall@20: 0.0855 MRR@20: 0.0181 NDCG@20: 0.0327 
i<=117 Recall@5: 0.0279 MRR@5: 0.0129 NDCG@5: 0.0052 Recall@10: 0.0486 MRR@10: 0.0157 NDCG@10: 0.014 Recall@20: 0.0854 MRR@20: 0.0181 NDCG@20: 0.0327 
i<=118 Recall@5: 0.0278 MRR@5: 0.0129 NDCG@5: 0.0052 Recall@10: 0.0486 MRR@10: 0.0156 NDCG@10: 0.014 Recall@20: 0.0853 MRR@20: 0.0181 NDCG@20: 0.0326 
i<=119 Recall@5: 0.0277 MRR@5: 0.0129 NDCG@5: 0.0052 Recall@10: 0.0485 MRR@10: 0.0156 NDCG@10: 0.0139 Recall@20: 0.0852 MRR@20: 0.018 NDCG@20: 0.0325 
i<=120 Recall@5: 0.0277 MRR@5: 0.0129 NDCG@5: 0.0051 Recall@10: 0.0484 MRR@10: 0.0156 NDCG@10: 0.0139 Recall@20: 0.085 MRR@20: 0.018 NDCG@20: 0.0325 
i<=121 Recall@5: 0.0277 MRR@5: 0.0129 NDCG@5: 0.0051 Recall@10: 0.0483 MRR@10: 0.0156 NDCG@10: 0.0139 Recall@20: 0.0848 MRR@20: 0.018 NDCG@20: 0.0324 
i<=122 Recall@5: 0.0276 MRR@5: 0.0128 NDCG@5: 0.0051 Recall@10: 0.0482 MRR@10: 0.0155 NDCG@10: 0.0138 Recall@20: 0.0847 MRR@20: 0.018 NDCG@20: 0.0323 
i<=123 Recall@5: 0.0275 MRR@5: 0.0128 NDCG@5: 0.0051 Recall@10: 0.0481 MRR@10: 0.0155 NDCG@10: 0.0138 Recall@20: 0.0845 MRR@20: 0.0179 NDCG@20: 0.0323 
i<=124 Recall@5: 0.0275 MRR@5: 0.0128 NDCG@5: 0.0051 Recall@10: 0.048 MRR@10: 0.0155 NDCG@10: 0.0138 Recall@20: 0.0844 MRR@20: 0.0179 NDCG@20: 0.0322 
i<=125 Recall@5: 0.0274 MRR@5: 0.0128 NDCG@5: 0.0051 Recall@10: 0.0479 MRR@10: 0.0154 NDCG@10: 0.0138 Recall@20: 0.0843 MRR@20: 0.0179 NDCG@20: 0.0322 
i<=126 Recall@5: 0.0274 MRR@5: 0.0127 NDCG@5: 0.0051 Recall@10: 0.0479 MRR@10: 0.0154 NDCG@10: 0.0138 Recall@20: 0.0842 MRR@20: 0.0178 NDCG@20: 0.0321 
i<=127 Recall@5: 0.0274 MRR@5: 0.0127 NDCG@5: 0.0051 Recall@10: 0.0479 MRR@10: 0.0154 NDCG@10: 0.0138 Recall@20: 0.0841 MRR@20: 0.0178 NDCG@20: 0.0321 
i<=128 Recall@5: 0.0273 MRR@5: 0.0127 NDCG@5: 0.0051 Recall@10: 0.0478 MRR@10: 0.0154 NDCG@10: 0.0137 Recall@20: 0.084 MRR@20: 0.0178 NDCG@20: 0.032 
i<=129 Recall@5: 0.0273 MRR@5: 0.0127 NDCG@5: 0.0051 Recall@10: 0.0477 MRR@10: 0.0154 NDCG@10: 0.0137 Recall@20: 0.0839 MRR@20: 0.0178 NDCG@20: 0.032 
i<=130 Recall@5: 0.0273 MRR@5: 0.0127 NDCG@5: 0.005 Recall@10: 0.0477 MRR@10: 0.0153 NDCG@10: 0.0137 Recall@20: 0.0838 MRR@20: 0.0177 NDCG@20: 0.0319 
i<=131 Recall@5: 0.0272 MRR@5: 0.0127 NDCG@5: 0.005 Recall@10: 0.0476 MRR@10: 0.0153 NDCG@10: 0.0137 Recall@20: 0.0836 MRR@20: 0.0177 NDCG@20: 0.0319 
i<=132 Recall@5: 0.0272 MRR@5: 0.0126 NDCG@5: 0.005 Recall@10: 0.0475 MRR@10: 0.0153 NDCG@10: 0.0136 Recall@20: 0.0835 MRR@20: 0.0177 NDCG@20: 0.0318 
i<=133 Recall@5: 0.0272 MRR@5: 0.0126 NDCG@5: 0.005 Recall@10: 0.0474 MRR@10: 0.0153 NDCG@10: 0.0136 Recall@20: 0.0834 MRR@20: 0.0177 NDCG@20: 0.0318 
i<=134 Recall@5: 0.0271 MRR@5: 0.0126 NDCG@5: 0.005 Recall@10: 0.0474 MRR@10: 0.0152 NDCG@10: 0.0136 Recall@20: 0.0833 MRR@20: 0.0176 NDCG@20: 0.0317 
i<=135 Recall@5: 0.0271 MRR@5: 0.0126 NDCG@5: 0.005 Recall@10: 0.0473 MRR@10: 0.0152 NDCG@10: 0.0136 Recall@20: 0.0831 MRR@20: 0.0176 NDCG@20: 0.0317 
i<=136 Recall@5: 0.027 MRR@5: 0.0126 NDCG@5: 0.005 Recall@10: 0.0472 MRR@10: 0.0152 NDCG@10: 0.0136 Recall@20: 0.083 MRR@20: 0.0176 NDCG@20: 0.0316 
i<=137 Recall@5: 0.027 MRR@5: 0.0126 NDCG@5: 0.005 Recall@10: 0.0472 MRR@10: 0.0152 NDCG@10: 0.0135 Recall@20: 0.0829 MRR@20: 0.0176 NDCG@20: 0.0316 
i<=138 Recall@5: 0.027 MRR@5: 0.0126 NDCG@5: 0.005 Recall@10: 0.0472 MRR@10: 0.0152 NDCG@10: 0.0135 Recall@20: 0.0829 MRR@20: 0.0176 NDCG@20: 0.0316 
i<=139 Recall@5: 0.027 MRR@5: 0.0125 NDCG@5: 0.005 Recall@10: 0.0471 MRR@10: 0.0152 NDCG@10: 0.0135 Recall@20: 0.0828 MRR@20: 0.0175 NDCG@20: 0.0315 
i<=140 Recall@5: 0.027 MRR@5: 0.0125 NDCG@5: 0.005 Recall@10: 0.0471 MRR@10: 0.0152 NDCG@10: 0.0135 Recall@20: 0.0828 MRR@20: 0.0175 NDCG@20: 0.0315 
i<=141 Recall@5: 0.027 MRR@5: 0.0125 NDCG@5: 0.005 Recall@10: 0.0471 MRR@10: 0.0151 NDCG@10: 0.0135 Recall@20: 0.0827 MRR@20: 0.0175 NDCG@20: 0.0315 
i<=142 Recall@5: 0.0269 MRR@5: 0.0125 NDCG@5: 0.005 Recall@10: 0.047 MRR@10: 0.0151 NDCG@10: 0.0135 Recall@20: 0.0826 MRR@20: 0.0175 NDCG@20: 0.0314 
i<=143 Recall@5: 0.0269 MRR@5: 0.0125 NDCG@5: 0.005 Recall@10: 0.047 MRR@10: 0.0151 NDCG@10: 0.0135 Recall@20: 0.0825 MRR@20: 0.0175 NDCG@20: 0.0314 
i<=144 Recall@5: 0.0269 MRR@5: 0.0125 NDCG@5: 0.005 Recall@10: 0.0469 MRR@10: 0.0151 NDCG@10: 0.0134 Recall@20: 0.0824 MRR@20: 0.0174 NDCG@20: 0.0313 
i<=145 Recall@5: 0.0268 MRR@5: 0.0125 NDCG@5: 0.0049 Recall@10: 0.0468 MRR@10: 0.0151 NDCG@10: 0.0134 Recall@20: 0.0823 MRR@20: 0.0174 NDCG@20: 0.0313 
i<=146 Recall@5: 0.0268 MRR@5: 0.0124 NDCG@5: 0.0049 Recall@10: 0.0468 MRR@10: 0.0151 NDCG@10: 0.0134 Recall@20: 0.0822 MRR@20: 0.0174 NDCG@20: 0.0313 
i<=147 Recall@5: 0.0268 MRR@5: 0.0124 NDCG@5: 0.0049 Recall@10: 0.0468 MRR@10: 0.015 NDCG@10: 0.0134 Recall@20: 0.0822 MRR@20: 0.0174 NDCG@20: 0.0312 
i<=148 Recall@5: 0.0268 MRR@5: 0.0124 NDCG@5: 0.0049 Recall@10: 0.0467 MRR@10: 0.015 NDCG@10: 0.0134 Recall@20: 0.0821 MRR@20: 0.0174 NDCG@20: 0.0312 
i<=149 Recall@5: 0.0268 MRR@5: 0.0124 NDCG@5: 0.0049 Recall@10: 0.0467 MRR@10: 0.015 NDCG@10: 0.0134 Recall@20: 0.0821 MRR@20: 0.0174 NDCG@20: 0.0312 
i<=150 Recall@5: 0.0268 MRR@5: 0.0124 NDCG@5: 0.0049 Recall@10: 0.0467 MRR@10: 0.015 NDCG@10: 0.0134 Recall@20: 0.0821 MRR@20: 0.0174 NDCG@20: 0.0312 
i<=151 Recall@5: 0.0267 MRR@5: 0.0124 NDCG@5: 0.0049 Recall@10: 0.0467 MRR@10: 0.015 NDCG@10: 0.0133 Recall@20: 0.082 MRR@20: 0.0174 NDCG@20: 0.0311 
i<=152 Recall@5: 0.0267 MRR@5: 0.0124 NDCG@5: 0.0049 Recall@10: 0.0466 MRR@10: 0.015 NDCG@10: 0.0133 Recall@20: 0.0819 MRR@20: 0.0173 NDCG@20: 0.0311 
i<=153 Recall@5: 0.0267 MRR@5: 0.0124 NDCG@5: 0.0049 Recall@10: 0.0466 MRR@10: 0.015 NDCG@10: 0.0133 Recall@20: 0.0819 MRR@20: 0.0173 NDCG@20: 0.0311 
i<=154 Recall@5: 0.0267 MRR@5: 0.0124 NDCG@5: 0.0049 Recall@10: 0.0466 MRR@10: 0.015 NDCG@10: 0.0133 Recall@20: 0.0819 MRR@20: 0.0173 NDCG@20: 0.031 
i<=155 Recall@5: 0.0267 MRR@5: 0.0124 NDCG@5: 0.0049 Recall@10: 0.0466 MRR@10: 0.015 NDCG@10: 0.0133 Recall@20: 0.0818 MRR@20: 0.0173 NDCG@20: 0.031 
i<=156 Recall@5: 0.0267 MRR@5: 0.0124 NDCG@5: 0.0049 Recall@10: 0.0465 MRR@10: 0.015 NDCG@10: 0.0133 Recall@20: 0.0818 MRR@20: 0.0173 NDCG@20: 0.031 
i<=157 Recall@5: 0.0266 MRR@5: 0.0123 NDCG@5: 0.0049 Recall@10: 0.0465 MRR@10: 0.0149 NDCG@10: 0.0133 Recall@20: 0.0817 MRR@20: 0.0173 NDCG@20: 0.031 
i<=158 Recall@5: 0.0266 MRR@5: 0.0123 NDCG@5: 0.0049 Recall@10: 0.0465 MRR@10: 0.0149 NDCG@10: 0.0133 Recall@20: 0.0817 MRR@20: 0.0173 NDCG@20: 0.031 
i<=159 Recall@5: 0.0266 MRR@5: 0.0123 NDCG@5: 0.0049 Recall@10: 0.0465 MRR@10: 0.0149 NDCG@10: 0.0133 Recall@20: 0.0817 MRR@20: 0.0173 NDCG@20: 0.0309 
i<=160 Recall@5: 0.0266 MRR@5: 0.0123 NDCG@5: 0.0049 Recall@10: 0.0465 MRR@10: 0.0149 NDCG@10: 0.0132 Recall@20: 0.0816 MRR@20: 0.0173 NDCG@20: 0.0309 
i<=161 Recall@5: 0.0266 MRR@5: 0.0123 NDCG@5: 0.0049 Recall@10: 0.0464 MRR@10: 0.0149 NDCG@10: 0.0132 Recall@20: 0.0816 MRR@20: 0.0172 NDCG@20: 0.0309 
i<=162 Recall@5: 0.0266 MRR@5: 0.0123 NDCG@5: 0.0049 Recall@10: 0.0464 MRR@10: 0.0149 NDCG@10: 0.0132 Recall@20: 0.0815 MRR@20: 0.0172 NDCG@20: 0.0309 
i<=163 Recall@5: 0.0265 MRR@5: 0.0123 NDCG@5: 0.0049 Recall@10: 0.0464 MRR@10: 0.0149 NDCG@10: 0.0132 Recall@20: 0.0815 MRR@20: 0.0172 NDCG@20: 0.0308 
i<=164 Recall@5: 0.0265 MRR@5: 0.0123 NDCG@5: 0.0049 Recall@10: 0.0464 MRR@10: 0.0149 NDCG@10: 0.0132 Recall@20: 0.0814 MRR@20: 0.0172 NDCG@20: 0.0308 
i<=165 Recall@5: 0.0265 MRR@5: 0.0123 NDCG@5: 0.0049 Recall@10: 0.0463 MRR@10: 0.0149 NDCG@10: 0.0132 Recall@20: 0.0814 MRR@20: 0.0172 NDCG@20: 0.0308 
i<=166 Recall@5: 0.0265 MRR@5: 0.0123 NDCG@5: 0.0049 Recall@10: 0.0463 MRR@10: 0.0149 NDCG@10: 0.0132 Recall@20: 0.0814 MRR@20: 0.0172 NDCG@20: 0.0308 
i<=167 Recall@5: 0.0265 MRR@5: 0.0123 NDCG@5: 0.0049 Recall@10: 0.0463 MRR@10: 0.0149 NDCG@10: 0.0132 Recall@20: 0.0813 MRR@20: 0.0172 NDCG@20: 0.0308 
i<=168 Recall@5: 0.0265 MRR@5: 0.0123 NDCG@5: 0.0049 Recall@10: 0.0463 MRR@10: 0.0148 NDCG@10: 0.0132 Recall@20: 0.0813 MRR@20: 0.0172 NDCG@20: 0.0307 
i<=169 Recall@5: 0.0265 MRR@5: 0.0123 NDCG@5: 0.0048 Recall@10: 0.0462 MRR@10: 0.0148 NDCG@10: 0.0132 Recall@20: 0.0812 MRR@20: 0.0172 NDCG@20: 0.0307 
i<=170 Recall@5: 0.0265 MRR@5: 0.0122 NDCG@5: 0.0048 Recall@10: 0.0462 MRR@10: 0.0148 NDCG@10: 0.0132 Recall@20: 0.0812 MRR@20: 0.0172 NDCG@20: 0.0307 
i<=171 Recall@5: 0.0264 MRR@5: 0.0122 NDCG@5: 0.0048 Recall@10: 0.0462 MRR@10: 0.0148 NDCG@10: 0.0132 Recall@20: 0.0812 MRR@20: 0.0172 NDCG@20: 0.0307 
i<=172 Recall@5: 0.0264 MRR@5: 0.0122 NDCG@5: 0.0048 Recall@10: 0.0462 MRR@10: 0.0148 NDCG@10: 0.0131 Recall@20: 0.0812 MRR@20: 0.0171 NDCG@20: 0.0307 
i<=173 Recall@5: 0.0264 MRR@5: 0.0122 NDCG@5: 0.0048 Recall@10: 0.0462 MRR@10: 0.0148 NDCG@10: 0.0131 Recall@20: 0.0811 MRR@20: 0.0171 NDCG@20: 0.0307 
i<=174 Recall@5: 0.0264 MRR@5: 0.0122 NDCG@5: 0.0048 Recall@10: 0.0462 MRR@10: 0.0148 NDCG@10: 0.0131 Recall@20: 0.0811 MRR@20: 0.0171 NDCG@20: 0.0307 
i<=175 Recall@5: 0.0264 MRR@5: 0.0122 NDCG@5: 0.0048 Recall@10: 0.0461 MRR@10: 0.0148 NDCG@10: 0.0131 Recall@20: 0.0811 MRR@20: 0.0171 NDCG@20: 0.0307 
i<=176 Recall@5: 0.0264 MRR@5: 0.0122 NDCG@5: 0.0048 Recall@10: 0.0461 MRR@10: 0.0148 NDCG@10: 0.0131 Recall@20: 0.081 MRR@20: 0.0171 NDCG@20: 0.0306 
i<=177 Recall@5: 0.0264 MRR@5: 0.0122 NDCG@5: 0.0048 Recall@10: 0.0461 MRR@10: 0.0148 NDCG@10: 0.0131 Recall@20: 0.081 MRR@20: 0.0171 NDCG@20: 0.0306 
i<=178 Recall@5: 0.0264 MRR@5: 0.0122 NDCG@5: 0.0048 Recall@10: 0.0461 MRR@10: 0.0148 NDCG@10: 0.0131 Recall@20: 0.081 MRR@20: 0.0171 NDCG@20: 0.0306 
i<=179 Recall@5: 0.0264 MRR@5: 0.0122 NDCG@5: 0.0048 Recall@10: 0.0461 MRR@10: 0.0148 NDCG@10: 0.0131 Recall@20: 0.081 MRR@20: 0.0171 NDCG@20: 0.0306 
i<=180 Recall@5: 0.0264 MRR@5: 0.0122 NDCG@5: 0.0048 Recall@10: 0.0461 MRR@10: 0.0148 NDCG@10: 0.0131 Recall@20: 0.0809 MRR@20: 0.0171 NDCG@20: 0.0306 
i<=181 Recall@5: 0.0264 MRR@5: 0.0122 NDCG@5: 0.0048 Recall@10: 0.0461 MRR@10: 0.0148 NDCG@10: 0.0131 Recall@20: 0.0809 MRR@20: 0.0171 NDCG@20: 0.0306 
i<=182 Recall@5: 0.0263 MRR@5: 0.0122 NDCG@5: 0.0048 Recall@10: 0.0461 MRR@10: 0.0148 NDCG@10: 0.0131 Recall@20: 0.0809 MRR@20: 0.0171 NDCG@20: 0.0306 
i<=183 Recall@5: 0.0263 MRR@5: 0.0122 NDCG@5: 0.0048 Recall@10: 0.046 MRR@10: 0.0148 NDCG@10: 0.0131 Recall@20: 0.0809 MRR@20: 0.0171 NDCG@20: 0.0306 
i<=184 Recall@5: 0.0263 MRR@5: 0.0122 NDCG@5: 0.0048 Recall@10: 0.046 MRR@10: 0.0148 NDCG@10: 0.0131 Recall@20: 0.0809 MRR@20: 0.0171 NDCG@20: 0.0306 
i<=185 Recall@5: 0.0263 MRR@5: 0.0122 NDCG@5: 0.0048 Recall@10: 0.046 MRR@10: 0.0148 NDCG@10: 0.0131 Recall@20: 0.0809 MRR@20: 0.0171 NDCG@20: 0.0306 
i<=186 Recall@5: 0.0263 MRR@5: 0.0122 NDCG@5: 0.0048 Recall@10: 0.046 MRR@10: 0.0148 NDCG@10: 0.0131 Recall@20: 0.0808 MRR@20: 0.0171 NDCG@20: 0.0306 
i<=187 Recall@5: 0.0263 MRR@5: 0.0122 NDCG@5: 0.0048 Recall@10: 0.046 MRR@10: 0.0148 NDCG@10: 0.0131 Recall@20: 0.0808 MRR@20: 0.0171 NDCG@20: 0.0306 
i<=188 Recall@5: 0.0263 MRR@5: 0.0122 NDCG@5: 0.0048 Recall@10: 0.046 MRR@10: 0.0148 NDCG@10: 0.0131 Recall@20: 0.0808 MRR@20: 0.0171 NDCG@20: 0.0306 
i<=189 Recall@5: 0.0263 MRR@5: 0.0122 NDCG@5: 0.0048 Recall@10: 0.046 MRR@10: 0.0148 NDCG@10: 0.0131 Recall@20: 0.0808 MRR@20: 0.0171 NDCG@20: 0.0306 
i<=190 Recall@5: 0.0263 MRR@5: 0.0122 NDCG@5: 0.0048 Recall@10: 0.046 MRR@10: 0.0148 NDCG@10: 0.0131 Recall@20: 0.0808 MRR@20: 0.0171 NDCG@20: 0.0306 
i<=191 Recall@5: 0.0263 MRR@5: 0.0122 NDCG@5: 0.0048 Recall@10: 0.046 MRR@10: 0.0148 NDCG@10: 0.0131 Recall@20: 0.0808 MRR@20: 0.0171 NDCG@20: 0.0306 
i<=192 Recall@5: 0.0263 MRR@5: 0.0122 NDCG@5: 0.0048 Recall@10: 0.046 MRR@10: 0.0148 NDCG@10: 0.0131 Recall@20: 0.0808 MRR@20: 0.0171 NDCG@20: 0.0306 
i<=193 Recall@5: 0.0263 MRR@5: 0.0122 NDCG@5: 0.0048 Recall@10: 0.046 MRR@10: 0.0148 NDCG@10: 0.0131 Recall@20: 0.0808 MRR@20: 0.0171 NDCG@20: 0.0306 
i<=194 Recall@5: 0.0263 MRR@5: 0.0122 NDCG@5: 0.0048 Recall@10: 0.046 MRR@10: 0.0148 NDCG@10: 0.0131 Recall@20: 0.0808 MRR@20: 0.0171 NDCG@20: 0.0306 
i<=195 Recall@5: 0.0263 MRR@5: 0.0122 NDCG@5: 0.0048 Recall@10: 0.046 MRR@10: 0.0148 NDCG@10: 0.0131 Recall@20: 0.0808 MRR@20: 0.0171 NDCG@20: 0.0306 
i<=196 Recall@5: 0.0263 MRR@5: 0.0122 NDCG@5: 0.0048 Recall@10: 0.046 MRR@10: 0.0148 NDCG@10: 0.0131 Recall@20: 0.0808 MRR@20: 0.0171 NDCG@20: 0.0306 
i<=197 Recall@5: 0.0263 MRR@5: 0.0122 NDCG@5: 0.0048 Recall@10: 0.046 MRR@10: 0.0148 NDCG@10: 0.0131 Recall@20: 0.0808 MRR@20: 0.0171 NDCG@20: 0.0306 
i<=198 Recall@5: 0.0263 MRR@5: 0.0122 NDCG@5: 0.0048 Recall@10: 0.046 MRR@10: 0.0148 NDCG@10: 0.0131 Recall@20: 0.0808 MRR@20: 0.0171 NDCG@20: 0.0306 
i<=199 Recall@5: 0.0263 MRR@5: 0.0122 NDCG@5: 0.0048 Recall@10: 0.046 MRR@10: 0.0148 NDCG@10: 0.0131 Recall@20: 0.0808 MRR@20: 0.0171 NDCG@20: 0.0306 

INFO:root:2022-11-15 04:39:36.014475
------------------------------------------
DATASET: MovieLens-1M | MODEL: LCII_ver_post-combine_w-30_att
SWITCH_INITIAL_STATE: True | USE_FC_IN_INPUT-SUM: False
STRATEGY: post-combine | FUSION_WAY: att | SWITCH_PLOT: attention_gate_dot
ADJACENT_WINDOW_RATIO(0-100%): 30 | LONG_TERM_SCORE: no_use | SHORT_TERM_SCORE: no_use
DROPOUT: 0.8 | LEARNING_RATE: 0.01 | BATCHSIZE: 100 | SEED: 0
OUTER_RNN_SIZE: 80 | INNER_RNN_SIZE: 80 | EMBEDDING_SIZE: 80
TRAIN_N_SESSIONS: 2096 | N_ITEMS: 3328 | N_LAYERS: 1 | SEQLEN: 199 | MAX_EPOCHS: 200
------------------------------------------

INFO:root:2022-11-15 06:49:42.100869
	Epoch #: 194
	Epoch loss: 29.503360152244568


i<=1 Recall@5: 0.0923 MRR@5: 0.0457 NDCG@5: 0.0603 Recall@10: 0.1389 MRR@10: 0.0517 NDCG@10: 0.0781 Recall@20: 0.2084 MRR@20: 0.0565 NDCG@20: 0.1019 
i<=2 Recall@5: 0.0966 MRR@5: 0.0475 NDCG@5: 0.0633 Recall@10: 0.145 MRR@10: 0.0536 NDCG@10: 0.0821 Recall@20: 0.2155 MRR@20: 0.0584 NDCG@20: 0.1078 
i<=3 Recall@5: 0.0894 MRR@5: 0.0434 NDCG@5: 0.0579 Recall@10: 0.137 MRR@10: 0.0495 NDCG@10: 0.0771 Recall@20: 0.2086 MRR@20: 0.0544 NDCG@20: 0.1039 
i<=4 Recall@5: 0.085 MRR@5: 0.0419 NDCG@5: 0.0555 Recall@10: 0.1326 MRR@10: 0.048 NDCG@10: 0.0752 Recall@20: 0.2064 MRR@20: 0.0531 NDCG@20: 0.1038 
i<=5 Recall@5: 0.0817 MRR@5: 0.0407 NDCG@5: 0.0535 Recall@10: 0.132 MRR@10: 0.0472 NDCG@10: 0.0745 Recall@20: 0.2033 MRR@20: 0.0521 NDCG@20: 0.1032 
i<=6 Recall@5: 0.0789 MRR@5: 0.0389 NDCG@5: 0.0477 Recall@10: 0.128 MRR@10: 0.0452 NDCG@10: 0.0726 Recall@20: 0.1977 MRR@20: 0.05 NDCG@20: 0.1008 
i<=7 Recall@5: 0.0778 MRR@5: 0.0381 NDCG@5: 0.0425 Recall@10: 0.1265 MRR@10: 0.0444 NDCG@10: 0.0719 Recall@20: 0.1979 MRR@20: 0.0492 NDCG@20: 0.1015 
i<=8 Recall@5: 0.0758 MRR@5: 0.037 NDCG@5: 0.039 Recall@10: 0.1252 MRR@10: 0.0434 NDCG@10: 0.0715 Recall@20: 0.196 MRR@20: 0.0482 NDCG@20: 0.1014 
i<=9 Recall@5: 0.0764 MRR@5: 0.0371 NDCG@5: 0.036 Recall@10: 0.126 MRR@10: 0.0435 NDCG@10: 0.0719 Recall@20: 0.1956 MRR@20: 0.0482 NDCG@20: 0.1025 
i<=10 Recall@5: 0.0762 MRR@5: 0.0369 NDCG@5: 0.0341 Recall@10: 0.1251 MRR@10: 0.0432 NDCG@10: 0.0718 Recall@20: 0.193 MRR@20: 0.0478 NDCG@20: 0.102 
i<=11 Recall@5: 0.0754 MRR@5: 0.0362 NDCG@5: 0.0323 Recall@10: 0.1238 MRR@10: 0.0425 NDCG@10: 0.0689 Recall@20: 0.1925 MRR@20: 0.0472 NDCG@20: 0.102 
i<=12 Recall@5: 0.0741 MRR@5: 0.0356 NDCG@5: 0.0304 Recall@10: 0.1222 MRR@10: 0.0419 NDCG@10: 0.0659 Recall@20: 0.1903 MRR@20: 0.0465 NDCG@20: 0.1011 
i<=13 Recall@5: 0.0733 MRR@5: 0.0353 NDCG@5: 0.0287 Recall@10: 0.1212 MRR@10: 0.0415 NDCG@10: 0.0635 Recall@20: 0.1899 MRR@20: 0.0462 NDCG@20: 0.1011 
i<=14 Recall@5: 0.0722 MRR@5: 0.0348 NDCG@5: 0.0273 Recall@10: 0.1208 MRR@10: 0.0411 NDCG@10: 0.061 Recall@20: 0.1896 MRR@20: 0.0458 NDCG@20: 0.1012 
i<=15 Recall@5: 0.0707 MRR@5: 0.0343 NDCG@5: 0.0261 Recall@10: 0.1187 MRR@10: 0.0405 NDCG@10: 0.0584 Recall@20: 0.1863 MRR@20: 0.0451 NDCG@20: 0.0997 
i<=16 Recall@5: 0.0696 MRR@5: 0.0338 NDCG@5: 0.0251 Recall@10: 0.1176 MRR@10: 0.04 NDCG@10: 0.0565 Recall@20: 0.1845 MRR@20: 0.0446 NDCG@20: 0.099 
i<=17 Recall@5: 0.0692 MRR@5: 0.0334 NDCG@5: 0.0242 Recall@10: 0.1168 MRR@10: 0.0396 NDCG@10: 0.0548 Recall@20: 0.1835 MRR@20: 0.0441 NDCG@20: 0.0985 
